2461
1211111112
1211111332
1211111233
1211111211
1211112313
1211112212
1211112221
1211112122
1211112111
1211113231
1211133112
1211133121
1211133222
1211132113
1211132131
1211132232
1211132223
1211132322
1211132333
1211132311
1211131312
1211131321
1211131123
1211122121
1211122332
1211122323
1211122222
1211122211
1211123113
1211123131
1211123232
1211123333
1211121313
1211121212
1211121133
1211121111
1211231113
1211231131
1211231232
1211231223
1211231322
1211231333
1211121122
1211233313
1211233331
1211233122
1211232213
1211232231
1211232312
1211232321
1211232132
1211232123
1211221332
1211221323
1211221222
1211222313
1211222331
1211222212
1211222133
1211223213
1211223231
1211223312
1211223321
1211223132
1211223123
1211212112
1211212121
1111231213
1232121132
1213213111
1233221121
1221332211
1233222313
1233222212
1121112212
1111122221
1233222111
1233223213
1233223231
1222113321
1222322132
1233212332
1212332211
1221331133
1222132113
1223231211
1233213131
1233213311
1213221123
1233213232
1233213322
1121133332
1233211313
1211112331
1123231313
1112221112
1212212313
1233232123
1233321232
1121222221
1233323313
1221222121
1233323212
1211113123
1223331333
1232111322
1233322321
1233311321
1221323112
1122322311
1111112211
1233333231
1233333312
1233313332
1233313323
1222121133
1121212323
1233312311
1233311312
1123211113
1231311112
1231311222
1112213311
1231311233
1223213211
1231313312
1231313132
1231333233
1231332232
1232112123
1231331231
1231331321
1122223223
1231322121
1121311321
1233121133
1231322222
1231322233
1123122123
1233223312
1231323322
1231321122
1111212221
1231321133
1231213221
1231213111
1231212231
1233332122
1213223112
1233131132
1222131132
1231212132
1232212232
1231223323
1232133322
1231222131
1231222333
1211331323
1231221213
1121233331
1233322132
1233332331
1231221123
1112132333
1231232112
1211212332
1121111323
1231232323
1231311121
1223312112
1213233232
1231232211
1223233123
1231231133
1122223232
1213333211
1231312221
1231231111
1233312232
1232113313
1231121232
1112312322
1233222221
1231121223
1123331132
1233312333
1121322321
1231211311
1231123313
1213311211
1231123331
1223123332
1231323223
1231123221
1233111332
1231212213
1231123133
1231122213
1122222323
1231131112
1223321211
1121121313
1223111311
1231131332
1111212111
1231131222
1231323333
1223113133
1231132313
1122223131
1231132331
1233232132
1233232231
1231133213
1112113132
1211313211
1221211233
1231113112
1111213213
1233112212
1221231132
1231333332
1122321123
1221122133
1231113323
1222331332
1213233131
1231112131
1123331123
1121211133
1222223312
1231112333
1221133221
1233222133
1232122113
1231111312
1123312313
1213113112
1231111321
1231111123
1121111332
1123113222
1121111233
1212332121
1121111211
1231131211
1231133231
1221113113
1213231331
1233321322
1121112313
1121112111
1112112122
1121132113
1211313121
1121132232
1223112213
1233322231
1121132322
1121133121
1121133233
1122313111
1121133222
1213233322
1121133211
1223223212
1121131123
1112131213
1121123113
1231132212
1233323221
1121122121
1121123322
1233322312
1112232213
1211133233
1111211121
1223311331
1121122332
1122233211
1213311323
1121122222
1233112133
1121122211
1112231311
1121121331
1121121133
1233332111
1122122313
1232313322
1222212323
1121121111
1232221322
1121221233
1211221211
1232121312
1211312322
1121221222
1112222221
1222121122
1233323133
1233221112
1212311223
1211313222
1213133312
1223312121
1121222111
1122212221
1121223321
1121223213
1121223123
1212112332
1231321111
1112111332
1121231131
1212331133
1121231232
1121231333
1121233212
1112332212
1122211112
1121213333
1222231232
1231111213
1121233313
1213223222
1121233133
1121133112
1121233122
1112312333
1121112221
1122312213
1121232312
1112332221
1121232231
1121232132
1121122112
1223223122
1233321223
1123111123
1121212112
1213221213
1122311223
1121212121
1223331113
1233332133
1231111132
1233331222
1121212233
1121212222
1112313233
1121211212
1212132132
1121211313
1121211331
1212111212
1233323331
1121322312
1231113233
1112233133
1121331112
1121331121
1232221113
1121331323
1121331332
1223222123
1231311332
1231132122
1233223123
1121211221
1221221133
1213132122
1121332133
1212313212
1232121231
1121332111
1221232223
1121333132
1121321113
1121133323
1121321131
1121321223
1221312312
1231312212
1121321232
1211112133
1121311123
1213232121
1121321322
1121323313
1221323332
1121322213
1123123122
1121312113
1121312131
1121312232
1112232312
1213332113
1213132111
1233332221
1121312333
1121312322
1121312223
1121312311
1222231322
1121313112
1223331223
1112223312
1233133332
1121131213
1121213223
1121313233
1222123223
1223121213
1231132111
1123333222
1123211232
1231333222
1222331323
1123211322
1123333332
1112123232
1233212121
1121232123
1122323233
1222133211
1212132312
1123213221
1121333213
1213131332
1231222322
1123213331
1123213122
1123132122
1111233233
1121113231
1123213111
1233331332
1123212132
1223232212
1231331213
1122113232
1123222223
1123222333
1212332233
1233332212
1123222322
1122213321
1222312131
1123222311
1112312223
1111213123
1231331123
1121113123
1122122331
1211231311
1121222331
1123212213
1222113132
1121333321
1231233311
1121332212
1211313323
1123223323
1233323122
1123223332
1122132321
1122212313
1212233121
1123233113
1212322322
1123233131
1122213132
1222232312
1212212122
1121232213
1123131211
1223211132
1212123213
1232331232
1123321133
1123233333
1231113332
1231312331
1121231223
1233313222
1123232323
1123232233
1123232211
1121212211
1123231221
1121211122
1123231331
1123233232
1232233132
1123311112
1222111112
1123312221
1211332212
1231223222
1123221231
1221223131
1123311222
1231132133
1123313312
1123313213
1233111233
1232112213
1123313123
1221222332
1123213212
1121332122
1123332113
1231223121
1123332223
1122333223
1231323131
1121213113
1212332332
1123221123
1123332333
1112222111
1123311233
1112113231
1233111112
1221332222
1212231321
1123333112
1233331323
1232132211
1232321222
1123333323
1121223132
1123333211
1221111313
1223133333
1123331312
1123331321
1231322332
1122221122
1231233113
1233211111
1121213131
1222213131
1222333231
1123113323
1221131322
1212233323
1212323211
1122322223
1112132223
1233333321
1123223222
1112132311
1112233111
1232223331
1112333231
1233233212
1123333233
1121211111
1112131321
1223212131
1112131123
1112123113
1211122112
1223232313
1122333131
1231112232
1112123322
1123211223
1231122312
1233213113
1222332111
1233313112
1233212211
1233311132
1213122312
1231112113
1231213212
1231211322
1112322231
1231231212
1233221222
1112132131
1112223123
1112322312
1123113112
1213321122
1121131231
1232122311
1112121133
1122112233
1211311312
1211123223
1112121111
1122321213
1223311111
1212322223
1231331312
1211121221
1122211121
1122113223
1213322211
1112231131
1221311232
1223112321
1231322323
1232213233
1231221312
1211213232
1233211133
1111213321
1123122321
1122333113
1232213121
1123332311
1221311311
1112321113
1212321132
1231223332
1111233211
1231113211
1222221332
1211211331
1232321332
1231222113
1213323223
1231211333
1112231223
1123322332
1122323332
1232212322
1123123111
1233233122
1112212332
1123131222
1212313122
1233221211
1212311311
1112122121
1233112331
1221233211
1112221222
1211332331
1123221132
1111232131
1213212231
1122311322
1231123111
1112212211
1231323113
1211211111
1231112311
1112213113
1231121311
1112311123
1121213311
1213211131
1112213232
1121111121
1211111323
1212321123
1112313222
1112213223
1222312311
1122221313
1221113311
1123233311
1123323322
1232233123
1112213322
1112212233
1213223121
1233312223
1212213213
1112133112
1121132311
1232311122
1112233331
1112211331
1123323311
1223313223
1212223223
1121121221
1122323112
1231232332
1111111212
1112221323
1211333213
1213121333
1213211113
1112211122
1211131213
1112231113
1112211133
1123221213
1223321121
1112321322
1211123311
1111232232
1232133333
1223223313
1123132313
1112321333
1232123211
1231133123
1112223321
1223322331
1122113131
1111233121
1212112211
1231131121
1112211212
1222211111
1112323212
1112121212
1111232311
1233232312
1123121223
1112122332
1213131121
1123123313
1121221332
1221222211
1231111231
1123112131
1111213132
1223212333
1123121333
1212133122
1223213121
1213212132
1121132131
1211322231
1121231311
1123212321
1233131312
1232321112
1122232333
1111123321
1222233313
1112223132
1122112112
1112331112
1121131132
1233211122
1213213221
1112331121
1233222331
1223321233
1111213231
1223313131
1112331332
1123133231
1211333231
1213131112
1233331233
1211331211
1211113312
1221311333
1123132212
1213123212
1112122233
1232223212
1112233212
1232211123
1223231332
1111223131
1231332322
1111221122
1222321333
1233213223
1233312322
1233221233
1123323131
1222123113
1111223232
1123212312
1223312323
1111223333
1123112113
1212321231
1233211221
1111222332
1111123132
1233222122
1111222233
1123312111
1111121332
1122313122
1112221332
1112332313
1231123122
1211233221
1122311131
1112123333
1233212233
1221331221
1123132331
1122132231
1112333321
1213111321
1231133321
1223113111
1122222211
1212131232
1123121322
1213232222
1223211231
1111222222
1222121212
1112311321
1223111322
1222333213
1211321113
1112112212
1112331222
1112222331
1211321322
1112332122
1232213323
1112331211
1121321333
1122312312
1213331312
1122123312
1112222122
1121313121
1212121112
1112221233
1122332332
1233233111
1122231231
1123122231
1222332212
1123112311
1122211332
1231212123
1222331112
1111231231
1111231123
1233221332
1233221323
1212212133
1213112131
1223133113
1233211331
1223322122
1112333123
1123312212
1233123223
1233332313
1121313222
1112133121
1231121322
1112321311
1122213213
1121231113
1122133122
1222213232
1222313121
1223123233
1232223122
1231231221
1122212331
1221123321
1111122331
1231121113
1122313221
1123321212
1123133123
1122233121
1231122123
1122312123
1232332123
1121323212
1233312113
1122123231
1111122122
1112323133
1112232231
1121311231
1213323322
1231333121
1123132111
1232213332
1231233333
1232233231
1222322231
1223233132
1213332311
1122332222
1123112232
1122211211
1121333123
1211113321
1212123312
1211131231
1111221133
1121113213
1112213333
1231312111
1122233323
1222221323
1211311231
1111223223
1222232123
1232233213
1223323312
1221233323
1212111221
1111221313
1232311133
1111112222
1111111122
1121313323
1222331211
1112323331
1123213133
1212232311
1112313323
1233233313
1111231132
1213221231
1112232123
1231312133
1121332313
1112111222
1111221111
1222231333
1231133312
1111112112
1112223231
1232222123
1112323221
1121313211
1231323311
1223131111
1213331123
1111122111
1122122122
1112311132
1213332223
1111123312
1222132232
1213321221
1111121121
1221112233
1112223213
1123123331
1212232232
1121113321
1112213131
1121123311
1222323133
1121213322
1111123231
1213323131
1112221211
1213322233
1123111132
1122133212
1123323232
1233331112
1223122223
1123223233
1111211233
1111231312
1111123213
1222113312
1213132212
1232333331
1231113222
1111223113
1122232322
1111112121
1111122133
1221331111
1111221331
1112112133
1122131322
1122333232
1112211221
1231132221
1111232113
1233213333
1221211112
1223212322
1213331132
1121221211
1221233112
1111233222
1111233112
1233333213
1122131232
1222122222
1122222121
1111111111
1122221111
1232222312
1232221311
1232322122
1212323222
1123111321
1233311213
1211233212
1231222223
1112133332
1122232232
1122131223
1111232322
1231232222
1233312131
1121222212
1121223231
1211221112
1123322121
1123122213
1122322232
1111121222
1232322221
1231332113
1231321313
1123121232
1121222313
1123131121
1222213333
1112211111
1111232223
1122332233
1222222122
1212123132
1122331133
1111213312
1111222112
1231221231
1122211323
1121222122
1122113322
1222323331
1231211131
1121112331
1231222232
1112121122
1211123322
1212111111
1112321131
1233322213
1112332111
1223222213
1122223322
1112111112
1123112223
1112233221
1213123122
1123323113
1121121122
1231331132
1122231123
1111212133
1231122132
1231312313
1123333121
1232211213
1112212112
1221223333
1122322322
1122133313
1111122313
1112133233
1221211323
1112132322
1231212321
1213222311
1233323111
1112131132
1212313331
1111212313
1222332221
1122223113
1112121313
1222331233
1111211222
1112131231
1111212212
1111212331
1231313231
1213313231
1122111133
1221132231
1121331211
1213211223
1221222323
1212223311
1213212213
1123312331
1112212121
1111211211
1232222213
1223111232
1121323221
1223321112
1121113312
1112233122
1122322131
1123332131
1123223121
1111233323
1111211323
1223131221
1112122323
1231322112
1121311132
1121311213
1121322132
1123221312
1112311231
1233132322
1211133332
1231321212
1231221321
1121232321
1231133132
1123213313
1222311231
1123232222
1223133232
1112313332
1123221321
1121332221
1123313321
1212221313
1112313112
1232122223
1122121112
1122312231
1122231132
1112231333
1112333213
1123131233
1112331233
1122112211
1122122111
1232111131
1112332133
1222223321
1122331313
1112233313
1223322111
1123232112
1231122321
1112312131
1121221112
1112111233
1223223331
1122323323
1112111323
1112111121
1122231213
1122111111
1122111122
1121233221
1232123323
1122331221
1231233131
1122112121
1112212323
1222233111
1212311333
1213132221
1122111331
1222133121
1213312111
1121231322
1213223233
1223313232
1122111221
1111121323
1122111212
1212331111
1213323232
1122212111
1112133323
1123323223
1122122133
1223132112
1213312133
1122311113
1122113311
1111232333
1123131332
1121111112
1122113333
1112122112
1223123121
1123211311
1111123123
1122113113
1221131223
1231311323
1122132213
1121322123
1123113332
1122121121
1122332211
1121331233
1211121331
1122132132
1121113132
1123311323
1231332131
1213111231
1212122122
1111112332
1123231133
1122133111
1123111312
1122133133
1111122212
1123123221
1223113212
1212333333
1122333333
1212233211
1122133221
1123233322
1231313123
1233331211
1223123323
1122131311
1121313332
1122131131
1122131113
1222332331
1211323313
1231213122
1122123132
1122232113
1112231232
1212111133
1233321113
1222321322
1123313231
1211331332
1122123213
1122123321
1123122312
1213222333
1231221132
1211322321
1213123331
1122122221
1112312311
1212122133
1122121211
1211233133
1221111133
1122121222
1222322312
1211211133
1211221233
1231121131
1122121233
1213132331
1211122233
1122121332
1212121211
1233223132
1121123333
1112113312
1123211333
1212131131
1232313232
1112232321
1122121323
1122221133
1233123311
1213331213
1122221331
1233331121
1123321111
1123212123
1122221212
1112123131
1122112323
1121221323
1122222112
1231223233
1121223312
1122323222
1212213132
1122223311
1231223211
1122223333
1223221223
1231211223
1112113123
1211211221
1122233233
1122331331
1223213112
1213113211
1122233332
1212333223
1122233112
1213112322
1222322123
1122232311
1123312122
1231232121
1123231212
1112312232
1233313121
1111111221
1211321311
1111223311
1122232131
1112323111
1122213123
1122213312
1231313213
1121233111
1121222133
1231112223
1232212131
1112323313
1223311221
1121323122
1231131233
1223131133
1122212122
1112322213
1232313311
1111211112
1122132123
1221223113
1223313113
1211222221
1122212212
1122331111
1122211222
1123232332
1112122222
1122331212
1223313333
1213133132
1231213331
1222313211
1112332331
1122333311
1222111323
1122321132
1232131313
1122321231
1233113132
1232322313
1121323111
1221232232
1231321221
1112321232
1123322323
1121111222
1231222311
1233211212
1212311113
1231332223
1233121331
1123311332
1232131133
1121332331
1212312213
1233333123
1233321311
1231211232
1223223111
1232231211
1122312321
1121331222
1223221311
1122313133
1122332323
1122313331
1122313212
1231312122
1122311311
1231211113
1122311232
1232113212
1123111231
1123111213
1122312132
1122231312
1123222131
1112113213
1212111122
1123133321
1123231122
1233212323
1121333312
1123113211
1121121212
1123132133
1123113233
1111112233
1123112333
1123133132
1212223322
1123231111
1122231321
1123122132
1223111131
1233321333
1123123133
1123121311
1231323232
1212132213
1213223211
1223211312
1123121113
1232132323
1231232233
1123133312
1123132221
1123131323
1212113131
1111112323
1123331231
1122233222
1123321122
1123313132
1231122231
1232132332
1233232213
1223233231
1233233133
1222212112
1123113121
1233233331
1121112122
1233231311
1123223112
1112221121
1122333322
1233231322
1213231122
1213232323
1233231232
1233231131
1211321223
1212331331
1212133331
1122213231
1233121111
1221211121
1233121122
1233121212
1213211232
1233121313
1121132333
1233123333
1233123232
1221131333
1233123113
1233122211
1233122233
1123212231
1123311121
1212131113
1233122222
1233122323
1233122332
1233122121
1231213133
1233122112
1123332322
1222111332
1122311333
1233131123
1233231333
1233131231
1233131213
1233132311
1233132333
1232131221
1212113113
1213331321
1233132223
1222122121
1233132232
1231313321
1233132131
1232312211
1123133213
1232113111
1233133211
1233133233
1112222313
1232231222
1233133323
1122332121
1122211233
1222333321
1233133121
1233133112
1212222222
1123123212
1213222131
1213223323
1233113123
1233113321
1233113312
1233113213
1233112111
1213113121
1233112122
1232323132
1233112221
1221213132
1233112313
1231332333
1233111211
1222113231
1233111222
1231311211
1233111323
1221121332
1233111121
1122321321
1222123322
1223131313
1232211321
1112211313
1213112333
1223312222
1232211312
1232212333
1223122322
1232212223
1232212113
1222211212
1111121211
1211331121
1111221212
1111121112
1122111313
1232213211
1112112331
1232213112
1211233111
1122323211
1232233321
1232233312
1212323233
1232232111
1213123313
1232232133
1232232122
1212123123
1232232221
1213121113
1221223311
1232232212
1232232331
1232232313
1232231233
1232231323
1112333132
1232231332
1232231121
1232231112
1121112133
1222212332
1231213313
1232222132
1231131323
1122322113
1223212113
1232222321
1232222231
1232223111
1221322232
1121212332
1232223133
1212323121
1232223221
1232223313
1232221333
1223122333
1221311223
1232221232
1232221131
1232311111
1232332132
1213231313
1212312123
1232311221
1232311212
1232311313
1231231313
1232313333
1232313223
1232313131
1212133212
1232313113
1211321232
1232312233
1232312323
1121122323
1232312121
1232312112
1212212111
1111212122
1213122321
1232323123
1213222322
1232323312
1232323213
1123223211
1213113332
1232322133
1232322212
1123321331
1232322331
1212213231
1221331313
1232213222
1232321211
1232321323
1232321121
1122331122
1232332321
1221223322
1232332312
1222223123
1232332231
1232333111
1232333133
1222233221
1233313233
1232333122
1232333221
1231233232
1232333212
1232333313
1232331311
1222331222
1223312233
1211332313
1211111222
1232331322
1232331223
1223333111
1212213321
1232331131
1223211321
1232331113
1232131111
1232131122
1233123131
1221212122
1232323321
1232131212
1232133311
1232133223
1233232321
1232133232
1223121123
1233212222
1212233222
1112133211
1221231231
1211322132
1232132222
1223312211
1232132121
1232121123
1232121321
1111121233
1232121213
1232122333
1222212222
1122133331
1223112132
1232122322
1123322211
1232122232
1232123233
1233231113
1222212233
1221132123
1232123332
1221321231
1212211222
1211221121
1112121221
1232123121
1222121221
1112212222
1232112132
1232112321
1232112312
1221212111
1232112231
1232113133
1221323233
1213112311
1231333323
1233321131
1232113122
1213321331
1232113221
1213322121
1223322133
1232113331
1232111311
1213321212
1213311121
1232111333
1221113322
1232111223
1111211332
1232111232
1211111121
1123232121
1232111113
1211213322
1221111111
1221123231
1221111122
1112322123
1221111221
1123211131
1112321223
1221111212
1231212312
1112123223
1122322333
1212122111
1221111331
1123323333
1222112313
1221113223
1221113232
1221113131
1112331323
1221112222
1112132232
1213213212
1221112323
1123121131
1223333133
1221112332
1213122132
1221112112
1211133323
1212213123
1221123123
1213112223
1221112121
1221123132
1112112221
1221123312
1232331333
1211313332
1221123213
1221122111
1223331311
1213111123
1221122122
1232132112
1122123123
1223332231
1221122221
1212222211
1221122212
1221233222
1212232223
1111231321
1221122331
1112311213
1221122313
1222132223
1221121233
1221121222
1221121323
1123322112
1221121121
1221121112
1222333312
1221132312
1221132213
1112222212
1221133111
1222223213
1211211313
1221133133
1112312113
1221133212
1221133331
1222321232
1221131232
1221131131
1212311322
1221331122
1212122221
1221331212
1221333322
1221333223
1221333311
1223121321
1221333232
1223132332
1221333113
1223313311
1233212112
1221332233
1212312312
1221332323
1221332332
1211133211
1221332112
1231121333
1233333132
1221321123
1222233133
1212221331
1221321312
1112222133
1221321213
1222211122
1221322311
1221322333
1232122131
1221322223
1211212222
1221322113
1221323211
1222331121
1221323222
1221323121
1221312123
1221312132
1223213233
1112313121
1221312321
1221331331
1223223133
1221312231
1212333113
1212312231
1221131113
1221312213
1221313111
1221313133
1213212312
1221313221
1123222113
1221313212
1221313331
1122222222
1211211212
1213313213
1222212211
1221313313
1232311331
1221311322
1213213313
1221311131
1123332232
1223323231
1221311113
1222221211
1221221221
1122232223
1232221223
1221221212
1221211332
1211113213
1213322323
1223232133
1221223223
1121131321
1211322312
1221133122
1221223232
1221222233
1112112111
1221222222
1223231222
1221222112
1213123133
1213133123
1221231123
1221121211
1221231321
1121321311
1221231312
1222213223
1221231213
1223121132
1221232311
1111223322
1212222121
1222132311
1221232333
1121221121
1213233113
1221232131
1221232113
1221233233
1221233332
1221233121
1121123131
1221213123
1221213321
1221213312
1221213231
1212232333
1213222113
1221213213
1112322132
1122222332
1112313211
1123131112
1223111113
1221212133
1221212221
1121311312
1221212331
1121123223
1221212313
1221211211
1221211222
1222311123
1222311132
1222311321
1231112322
1222213322
1222311213
1222312333
1112132113
1122132312
1222312223
1222312232
1112122211
1222312113
1121323133
1212131333
1222313233
1222313222
1222313323
1222313332
1222313112
1232322111
1211212323
1222333123
1222333132
1221321132
1222332133
1222332122
1222332313
1222322213
1222122112
1233231223
1222323111
1222222313
1222323122
1223311122
1222323221
1222323212
1223333122
1222323313
1221132132
1221132321
1222321311
1222321223
1233131321
1222321131
1222321113
1122313313
1223113122
1213332131
1222211133
1222211221
1211311213
1222211331
1222122323
1223222231
1222213311
1231223112
1223131331
1213311332
1222213113
1222212121
1223131212
1222223231
1222222111
1223211213
1223133311
1222222133
1121213232
1222131312
1222222221
1112113321
1232323231
1222222212
1232133131
1222222331
1223333313
1222221233
1123233223
1112111211
1123322222
1221221313
1213133231
1222221222
1222221121
1222221112
1222232132
1111233332
1222232321
1222232231
1222232213
1222233212
1222233331
1221221122
1222231223
1222231131
1222231113
1222121111
1222121331
1223122311
1222121313
1223132121
1222123333
1222123232
1213222232
1232123222
1212112233
1222123131
1222122233
1222122332
1222312322
1222131123
1222131321
1213131211
1222131231
1231233223
1222131213
1222132333
1223222321
1221232322
1213333332
1123331213
1222132322
1112121331
1222132131
1222133233
1222133222
1222133323
1221323323
1222133332
1232312332
1222133112
1212121323
1221221111
1231332311
1222113123
1222113213
1222112133
1211213131
1221322322
1222112122
1222112221
1213232112
1222112212
1112333312
1222112331
1222111211
1222111233
1222111222
1222111121
1223211123
1233322123
1223212311
1213112113
1223212223
1222231311
1232123112
1232211231
1223212232
1223213222
1223213323
1231321331
1212313313
1223213332
1232312222
1232321233
1223233312
1223232111
1211312131
1223232122
1223232331
1223232221
1212332323
1223231233
1112322321
1223231323
1233311231
1213111312
1122131333
1222112111
1223231121
1223231112
1223221232
1223222132
1223222312
1223223221
1112133222
1213311222
1223221333
1223221322
1222122211
1212113333
1223221131
1223311133
1223311212
1223313322
1223312332
1211321131
1223323123
1223323321
1223323213
1223322221
1211222111
1223322212
1223322313
1123321221
1223321222
1223321323
1223321332
1222223132
1223332123
1221112211
1223332132
1223332321
1221113333
1223332312
1221131311
1223332213
1223333221
1223333212
1223333331
1223331322
1213131233
1111222121
1223331131
1112232132
1223131122
1223133322
1122221221
1233133222
1223133223
1223133131
1213223332
1211131132
1223132211
1213131222
1223132233
1223132222
1223132323
1232211132
1223121312
1223121231
1223122232
1223122131
1223122113
1223123211
1223123222
1233233221
1223123112
1223112123
1223112312
1213321111
1213321313
1231233322
1223112231
1223113221
1123312133
1223113331
1223113313
1221313122
1212121233
1212211121
1223111333
1112231322
1223111223
1212111331
1233121221
1212113311
1212113322
1233311123
1212113223
1123222232
1212113232
1212112222
1232132233
1231113121
1212112323
1212112121
1213332322
1233223321
1212112112
1212123321
1221333131
1212123231
1213312122
1212122212
1212122331
1212122313
1111222323
1212111313
1212121332
1213212123
1212121121
1212132123
1223311313
1233123322
1211312223
1212132321
1213213331
1212132231
1212133111
1122321312
1221133313
1212133133
1212133221
1122332112
1212133313
1213211333
1212131311
1212131322
1122122212
1212131223
1212331122
1212331221
1233313211
1232332213
1223233321
1222123311
1212331212
1212331313
1212333311
1212333322
1121122233
1212333232
1213221132
1123322233
1212333131
1221322131
1212332222
1212332112
1121322231
1212321321
1112131312
1212321312
1212321213
1212322311
1212322333
1212322113
1212323323
1212323332
1212323112
1221212212
1212312132
1212312321
1212313111
1212313133
1233132113
1212313221
1212311232
1112323122
1212311131
1212221111
1121123232
1212221133
1212221122
1213121131
1212221221
1213333222
1213312331
1212223333
1212223131
1223221113
1212223232
1121323331
1232212311
1212223113
1212222233
1212222323
1231322211
1212222332
1122112222
1211332133
1112112313
1212222112
1212231123
1212231132
1211333123
1212231312
1212231231
1212232322
1213322332
1212232113
1212233233
1212233332
1212233112
1212213312
1212212221
1221333333
1223323132
1123321313
1221321321
1212212212
1212212331
1122323121
1212211211
1212211233
1212211323
1212322232
1213313321
1212211332
1212211112
1213111132
1213111213
1213112232
1213113233
1213113222
1232131331
1213113323
1122112332
1213133321
1213133213
1213132133
1213132313
1213131323
1213122123
1213122231
1213122213
1212221212
1213123111
1213123221
1111221221
1212231213
1213121311
1231231122
1222233122
1213121322
1122222233
1213121223
1213121232
1212322131
1232133113
1213231111
1213231133
1121132223
1112123311
1213231221
1213231212
1213233311
1213233333
1213233223
1213232211
1213232233
1211213223
1123311211
1111222211
1213232332
1213221321
1213221312
1213222223
1211333321
1213212321
1213213133
1213213122
1213211311
1213211322
1213321133
1213323311
1213312221
1213323333
1213323113
1121333231
1213322222
1213322112
1213331231
1213332333
1213332232
1231123212
1213333233
1213333121
1122212133
1213333112
1213313123
1213313132
1221221331
1213313312
1213312212
1213312313
1112311312
1213311233
1213311112
1211311123
1211311132
1121131312
1212232131
1211311321
1222311312
1211312311
1221332121
1211312333
1211312232
1211312113
1211313233
1211313112
1211333132
1211333312
1211332111
1211222122
1223331232
1211332122
1211332221
1222322321
1211331233
1231333112
1231231331
1233113231
1211331222
1211331112
1222211313
1211322123
1211322213
1211323111
1211113132
1211323133
1123112322
1211323122
1212121222
1211323221
1211323212
1211323331
1231333211
1211321333
1211211122
1213333323
1211213311
1211213333
1211213113
1211212211
1223233213
1211212233
