274
12111332
12111222
12111233
12112313
12112122
12112133
12112111
12113231
12113312
12331211
12212211
12131123
12332212
11121222
12332133
12332111
12332313
12211212
12313112
12311123
12313332
12332122
12313323
12312113
11231213
12311231
11222233
12312131
11233323
12311321
11223223
12311132
12313222
11211112
12331233
12233122
12312223
12122211
11211121
12111112
11211332
12332331
12222111
11211233
11211222
11212313
12323133
12222221
11212133
11122212
11212122
11213132
11223131
11212111
11213312
11213321
12212323
12121122
11213231
12333132
11232113
12132322
11233233
11221122
11121332
11111221
11122221
11112112
11232223
11122111
11123213
12222313
11222121
11123231
11111111
11111122
12322213
11123312
11123321
11123132
12311213
11122313
12221121
11123123
11223333
11212212
11221111
12322132
11212221
12312322
11223232
11211323
11112211
11112233
11213123
11112121
11121112
11121121
11111212
11112323
11211211
12312311
12312232
11212331
11122331
11121211
11232322
12232231
12123113
11231312
12113123
12311312
11112332
11121233
12313233
11233112
11221331
12211111
12233221
11213213
12312333
11233121
11222211
11121323
12123223
11221133
11232131
11231132
11233332
12231232
11221221
12323313
12323111
12112221
12322321
11231231
11222112
11221313
12122233
12323331
11122133
12333312
11233211
12313121
11223322
12133233
12121133
11231123
11122122
12323212
12122112
12231333
12331332
12111323
12331121
12132223
12331112
12322123
12322231
12213223
12322312
12131321
12333123
11112222
11232311
12323122
11223311
12323221
12111211
12212233
12321311
12321333
12321322
12213333
12321232
12111121
12232132
12222212
11222222
12321131
12112331
12331323
12233133
12333213
12321113
12211133
12211122
12211221
12212112
12211331
11222332
12131312
12132333
12211313
12233111
11233222
12213311
11232232
12213322
12213232
11231321
12213113
12212332
12132131
12212121
12223312
12223132
12332221
12223321
12223231
12133323
12223213
12222133
12222122
12222331
12221211
12221233
12333231
12221222
12221323
12221332
12223123
12221112
12232123
12232321
12232312
12232213
12233212
11223113
12233331
12231311
12213131
12231322
12231223
12131213
12231131
12113132
12231113
12121313
12121111
12121221
12121212
12121331
12212222
12123131
12112212
12123311
12123333
12123322
12123232
12122121
12122222
12133211
12122323
12113213
12331222
12132113
12122332
11222323
12131132
12233313
12131231
12313211
12132311
11232333
12321223
12132232
12133222
12133332
12133121
11221212
12133112
12333321
12113321
