7381
12111111113
12111111131
12111113331
12111113111
12111112213
12111112231
12111112312
12111112132
12111123121
12111123323
12111122333
12111122311
12111121213
12111132332
12111132323
12111133322
12111133333
12111131331
12111131212
12111131111
12111331113
12111331232
12111331223
12111331311
12111333313
12111333331
12111333122
12111332231
12111332312
12111321112
12111321121
12111321332
12111321323
12111321222
12111322331
12111322221
12111322122
12111323213
12111323123
12111312112
12111312121
12111312222
12111312211
12111313232
12111313223
12111311212
12111311221
12111311122
12111311133
12111221113
12111221232
12111221333
12111221311
12111223212
12111223221
12111223122
12111223133
12111223111
12111222213
12111222132
12111231112
12111231121
12111231323
12111231211
12111232313
12111232331
12111232212
12111233231
12111233312
12111233321
12111233132
12111233123
12111213323
12111213222
12111213211
12111212113
12111212232
12111212223
12111212311
12111211213
12111211231
12111211312
12111211321
12111211132
12112311323
12112311233
12112312313
12112312331
12112312212
12112312133
12112313231
12112313312
12112313132
12112333112
12112333332
12112333222
12112333233
12112332131
12112332232
12112332322
12112331213
12112331321
12112331132
12112322112
12112322332
12112323113
12112321331
12112211113
12112211131
12112213313
12112213212
12112213221
12112213122
12112213133
12112212213
12112212132
12112212123
12112223121
12112223332
12112223233
12112223211
12112222223
12112222322
12112222333
12112222311
12112221213
12112221312
12112221321
12112232112
12112233113
12112323131
12112233223
12112233333
12112231331
12112231221
12112231133
12111311331
12112231111
12112121131
12112121223
12112121322
12112123313
12112123331
12112123212
12112123221
12112123122
12112122312
12112122123
12112131121
12112131332
12112131323
12112132331
12112132122
12112132133
12112132111
12112133213
12112133231
12112133321
12112113112
12112113332
12112323333
12112112113
12112112131
12112112232
12112112322
12112112333
12112111213
12112111321
12112111132
12112111123
12113211112
12113211121
12113211211
12113212313
12113212331
12113212212
12113212221
12113212133
12113212111
12113213231
12113213321
12113213123
12113233112
12113233332
12113233222
12113232232
12113232333
12113232311
12113231231
12113231312
12113231123
12113233121
12113222112
12113222121
12113222233
12113223223
12113223333
12113223311
12113221313
12113221331
12113311131
12113311232
12113311333
12113313331
12113313122
12113313133
12113312312
12113312321
12113323323
12113323233
12113322131
12112333211
12113322322
12113322333
12113322311
12113321321
12113221133
12113321123
12113332121
12113332332
12113332222
12113332233
12113332211
12113333113
12113333322
12113333311
12113331331
12113331212
12113331221
12112212312
12113331133
12113131113
12113131131
12113131322
12113131333
12113131311
12113133313
12113133331
12113133122
12113132213
12113132132
12113132123
12113121323
12113121222
12113121233
12113121211
12113122331
12113122221
12113123213
12113123312
12113123321
12113123132
12113123123
12113112112
12113112332
12113112222
12113112233
12113112211
12113113131
12113113232
12113113223
12113113322
12113222222
12113113333
12113113311
12113111331
12113111212
12113111221
12133111113
12133111131
12133111232
12111132121
12133111223
12133111311
12133113331
12133113212
12133113133
12133113111
12133112132
12133123112
12133123323
12133123233
12133122232
12133122223
12133122333
12133122311
12133121213
12133121231
12133121312
12133132112
12133132332
12133132323
12133132233
12133133113
12133133131
12133133223
12133133322
12133133333
12133131313
12133131212
12133131122
12133131133
12133331113
12133331131
12133331322
12133331333
12133333212
12133333221
12133333122
12133333133
12133333111
12133332312
12133332321
12133332132
12133332123
12133321112
12133321211
12133113221
12133322313
12133322331
12133322212
12133322122
12113222332
12133322133
12133322111
12112321212
12133323231
12112113222
12133323321
12133323132
12133323123
12133312112
12133312323
12133312211
12133313232
12133313223
12133313322
12133313311
12133311212
12133311122
12133311133
12113213132
12133311111
12133221232
12133221333
12133223331
12133223212
12133223122
12133223111
12133222321
12133222132
12133231323
12113133212
12133231233
12133231211
12133232331
12133331232
12133232111
12133233213
12133233231
12133233312
12133233321
12111231233
12133233132
12133213112
12133213121
12133213332
12133213233
12133213211
12113322113
12133212131
12133212223
12133212322
12133211213
12133211132
12133211123
12132111332
12132111323
12132111222
12132111233
12132111211
12132112313
12132112331
12132112221
12132113321
12132113132
12132133112
12132133332
12132133323
12132133233
12132133211
12111133232
12132132232
12132132223
12132132322
12132131213
12132131231
12132131312
12132131321
12132122332
12132122222
12132123131
12132123322
12132121313
12132121331
12132121212
12132121133
12132231113
12132231232
12132231223
12132231322
12132231333
12132233313
12132233212
12132233111
12111121321
12132232312
12132232321
12132232132
12132221121
12132221222
12132222313
12113331111
12132222212
12132222221
12132222122
12111122223
12132223231
12111213233
12132223321
12132212112
12132212222
12132212233
12132213113
12132213131
12132213232
12132213333
12132213311
12132211313
12132211221
12132211133
12132211111
12132321113
12132321232
12132321322
12132321333
12132321311
12132323313
12132323122
12132323133
12132322213
12132322321
12132322132
12132331323
12132331222
12132332221
12132333213
12132333231
12132333312
12132333321
12132333132
12132313112
12132313121
12132313323
12132313222
12132312113
12132312131
12132312232
12132312223
12132312322
12132312311
12132311213
12132311231
12132311321
12112211333
12132311123
12131211112
12131211332
12131211323
12132332111
12131212331
12131212212
12131212122
12131213213
12132332212
12131213231
12131213123
12131233121
12131233332
12131233323
12131233233
12131233211
12131232223
12131232311
12131231312
12131231132
12131231123
12131222112
12131222121
12132112133
12131222323
12131222222
12131222233
12131223131
12131223322
12131223333
12131223311
12131221331
12131221221
12131221122
12131221111
12111222123
12132123333
12131311113
12131311223
12131311333
12131313331
12131313212
12131313221
12131313133
12131312231
12131312321
12131312132
12131323112
12112232332
12131323121
12131323323
12131323222
12131322131
12131322232
12131322223
12131322322
12131322311
12131321213
12131321312
12131321132
12131332112
12131332332
12131332323
12131332222
12131333113
12131333333
12131333311
12131331331
12131331212
12131331122
12131131113
12131131333
12131131311
12131133212
12131133221
12131133133
12131133111
12131132213
12131132312
12131132321
12131132123
12131121112
12131121233
12131121211
12131122313
12131122221
12131122133
12131122111
12131123321
12131123123
12131112332
12131112323
12131113232
12131113322
12111232111
12131113333
12131111331
12131111122
12131111133
12122111113
12122111322
12122111333
12122111311
12122113331
12122113221
12122113122
12122113133
12131131223
12122113111
12122112213
12113223232
12122112231
12122112132
12122123121
12122123323
12122123222
12122123211
12122122113
12122122131
12122122223
12122122322
12122122311
12122121321
12122121132
12122121123
12111123112
12122132323
12122132233
12122132211
12122133113
12112331231
12122133131
12122133322
12122133333
12122133311
12122131212
12122131133
12122331131
12122331311
12122333313
12122333331
12122333221
12113311223
12122333111
12133312332
12122332312
12122321112
12122321121
12122321332
12122321323
12122322313
12122322331
12122322212
12122322122
12122322133
12122323213
12122323312
12122323321
12122323132
12122312112
12122312121
12131313111
12122312332
12122312323
12131231321
12122312222
12133123332
12122312233
12122313113
12122313131
12122313232
12122313223
12122313322
12122313311
12122311313
12112312221
12122311221
12122311122
12122311133
12122221113
12122221131
12122221322
12111332213
12122221311
12122223313
12122223331
12122223212
12122223111
12122222213
12122222231
12122222312
12122222321
12122222123
12122231121
12122231323
12122231222
12122231211
12122232221
12122233213
12122233231
12122233312
12122233321
12122233123
12122213112
12122213332
12122213323
12122213222
12122213233
12132133121
12122213211
12122212113
12122212232
12122212333
12122211231
12113311113
12122211312
12122211123
12123111112
12123111121
12123111222
12123112313
12123112331
12123112212
12123112221
12112211223
12123113213
12123113231
12123113312
12132321131
12123113321
12123133112
12123133121
12123133332
12123133323
12123133222
12123133233
12123132131
12123132223
12123132322
12123132333
12131133331
12123131132
12132123113
12123131123
12123122121
12132212211
12123122332
12123122323
12123123113
12123123223
12123123322
12123123333
12123121313
12123121212
12123121122
12123121133
12123231131
12123231232
12123231322
12123231311
12132332313
12123233331
12123233122
12123233133
12123232312
12123232321
12123232132
12112323311
12123221112
12123221332
12123221323
12123222313
12123222331
12133121321
12123222212
12123222221
12132112111
12123222122
12123222133
12123223321
12123223132
12123212112
12123212332
12123212222
12113332323
12123213113
12123213131
12123213232
12123213333
12123211313
12123211212
12123211133
12131232131
12123211111
12123321113
12113323211
12123321223
12123321333
12123321311
12123323221
12123322213
12123322231
12131233112
12123322321
12123322123
12113133111
12131223113
12123331112
12123331121
12123331332
12123331323
12123332313
12123332331
12123332122
12123332133
12123332111
12123333213
12123333231
12123333123
12123313121
12123313323
12123313233
12123312113
12123312311
12123311231
12123311312
12123311132
12123311123
12121311323
12121311233
12121311211
12121312133
12121313231
12111322111
12121313321
12121313132
12121313123
12121333121
12122232313
12121333332
12121333323
12121333222
12121333233
12122231112
12121332322
12121332333
12132132131
12121331213
12121322121
12121322332
12121322323
12121322222
12121323232
12121323333
12121323311
12121321313
12121321331
12111222231
12121321221
12121321122
12121321133
12121211113
12121211131
12121211223
12121211322
12121211333
12121213331
12113211233
12121213122
12121213133
12121212231
12121212321
12121212123
12121223112
12121223121
12121223222
12121223233
12121222232
12121222322
12121221312
12121221132
12121232121
12121232332
12121232222
12121233113
12121233223
12121233333
12121233311
12121231313
12121231212
12121231133
12121121131
12121121232
12121121333
12121121311
12121123133
12121123111
12121122312
12121122321
12121122132
12121131121
12121131332
12121131222
12121131233
12121131211
12121132313
12121132212
12121132221
12121132122
12121133321
12121133132
12121113112
12121113121
12121113323
12121113233
12112222113
12121113211
12121112131
12121112232
12121112223
12121112322
12121112333
12121111231
12121111312
12122211213
12121111132
12231111112
12123332212
12231111332
12231111211
12231112331
12231112212
12231113213
12231113231
12231113132
12122221223
12231113123
12231133112
12113133221
12231133121
12231133332
12231132113
12231132131
12231132232
12231132223
12131332233
12231132322
12231132311
12231131213
12131121121
12231131231
12231131321
12231122112
12231122332
12231122323
12133222231
12231122211
12132121111
12231123113
12231123223
12231123322
12231123311
12231121313
12231121331
12231121212
12231121221
12231121122
12231121111
12133231121
12231231113
12231231232
12231231223
12231231322
12231233331
12231233212
12231233221
12123332221
12231233122
12113313313
12231233133
12231232123
12231221332
12231221222
12231221233
12231221211
12231222331
12231222122
12231222111
12133312121
12231223213
12231223231
12231223132
12231223123
12231212121
12231212222
12231212233
12231212211
12231213232
12231213223
12231213311
12113233323
12231211313
12231211331
12231211133
12231321131
12231321232
12231321223
12231321322
12231323331
12231323212
12231323221
12231323122
12231323133
12231322213
12231122121
12231322132
12231322123
12231331121
12121111123
12231331222
12231331233
12231332221
12231332133
12231333213
12231333231
12231333312
12231333132
12231333123
12231313121
12231313332
12231313323
12231313222
12231312113
12231312131
12231312232
12132122323
12231312223
12231312333
12231312311
12231311213
12231311312
12231311132
12231311123
12233311121
12233311323
12233311222
12123121111
12233312331
12233312122
12122122333
12233312133
12233313213
12233313231
12233313132
12233313123
12233333112
12131233222
12233333121
12121223323
12233333323
12121232112
12233333222
12112231313
12233333233
12233332113
12123323111
12233332131
12113212122
12123123311
12233332322
12233332333
12233332311
12233331231
12233331312
12233331321
12233331132
12233331123
12233322112
12233322332
12122233132
12233322222
12233322233
12233322211
12121133123
12233323232
12233323322
12233323311
12233321313
12121221213
12233321212
12233321122
12233321111
12233331213
12233211131
12233211232
12121223211
12233211223
12233312221
12233211322
12233211311
12132332122
12233213212
12233212213
12233212231
12233212312
12233212123
12113323332
12233223121
12233223332
12233223211
12233222113
12112133312
12233222322
12233222333
12233221213
12233221231
12233221312
12233221132
12233221123
12233232112
12233232121
12133223133
12233232332
12233232222
12233232211
12233233113
12233233232
12233233333
12233231331
12233231212
12233231221
12233231133
12233121113
12233121232
12233121223
12233121322
12233121311
12233123331
12113333232
12233123212
12133131111
12233123221
12233123122
12233122213
12123211331
12233122231
12233122312
12233131121
12231213131
12233131332
12233131323
12233131211
12233132221
12233132133
12233132111
12113313221
12233133213
12233133231
12233133312
12233133132
12233133123
12112232233
12233113121
12233113323
12233113222
12233113233
12233113211
12233112322
12233111231
12233111312
12233111123
12232211121
12232211222
12232211233
12232211211
12232212221
12232212122
12232212133
12232213213
12232213231
12232213321
12232213132
12232213123
12232233112
12232233222
12232233211
12232232131
12232232232
12232232223
12232232322
12232232333
12232232311
12232231213
12232231231
12232231312
12232231321
12232222332
12232222233
12232222211
12232223113
12232223131
12232223223
12232223333
12232223311
12232221331
12232221212
12113122133
12232221221
12232221122
12232221111
12232311113
12232311131
12232311223
12133122322
12232311311
12232313313
12232313331
12123112111
12232313212
12232313221
12232313122
12232313111
12123113123
12232312231
12132223123
12232312312
12113321132
12232312132
12133211321
12232323121
12232323323
12232323222
12232323211
12232322113
12232322131
12232322232
12232322223
12232322322
12231331211
12232321231
12232321312
12232321123
12232332112
12232332121
12232332323
12133321222
12232332233
12232312123
12232333113
12132223312
12232333131
12232333232
12121231221
12232333333
12232331313
12232331212
12232331221
12231231311
12232331122
12232331133
12232331111
12232131113
12232131131
12232131232
12232131322
12232133212
12232133111
12232132231
12232132312
12232132321
12232132132
12232121112
12232121332
12232121323
12232121222
12123221121
12232121211
12111323231
12232122313
12232233233
12232122331
12232122212
12232122122
12232122133
12132313233
12232112112
12232112121
12232112332
12121331132
12232112323
12232112233
12232113113
12232113131
12232113232
12232113223
12131113131
12232113322
12232113333
12232113311
12232111313
12232111331
12232111212
12232111221
12232111111
12221111113
12221111232
12221111223
12221111322
12221113313
12221113212
12221113221
12221113122
12131311131
12221112312
12221112123
12221123112
12221123332
12232311322
12221123222
12221122131
12112331123
12221122232
12221122223
12221122322
12233222223
12221122333
12221121213
12221121231
12221121312
12123323331
12221121132
12132321223
12221132112
12221132121
12112131211
12221132332
12232133331
12221132323
12221132233
12133132222
12221132211
12221133113
12221133131
12132322312
12221133232
12221133223
12133232313
12221133322
12221133311
12221131212
12132112212
12221131221
12121213212
12221131133
12221331113
12221331223
12221331322
12221331333
12221331311
12221333313
12221333331
12221333212
12221333221
12231232231
12221333122
12221332312
12221332321
12221332132
12221332123
12221321112
12122113313
12221321121
12221321332
12221321233
12221321211
12221322313
12221322331
12221322122
12221322133
12221323213
12221323231
12221323321
12221323132
12131223223
12232231123
12221312112
12221312323
12221312222
12122331223
11211313333
11232232132
12211222322
11211312332
12132131123
12323212312
11211312233
12231132333
11212231133
11211311313
11211311133
11211311111
11233122223
11211231112
11211312112
11123232113
11211231121
11211231211
11122111312
11211233231
12223233112
11211221131
12222331231
11211221333
11211221322
11211221311
11231311232
11211223221
11233311122
11211223133
11211222321
11211222213
11211131133
11211222132
11211212113
11223212112
11211212223
12221212311
12323121232
12321221323
11211212311
12313113313
11211213112
12211331312
11123232223
11211211312
11211211213
11232131321
12232211323
12311132213
11211211231
11211211123
11212211113
12121312221
11221213111
12222321111
12131323332
11212211223
12213333132
11123121323
12112321221
11212211311
11212213212
12113223113
11211232313
11221123313
11212213221
12311111133
12313213222
12211112223
11212211131
12111132233
11212223222
11212221312
11222232111
11122311323
12231123333
11212233223
11212233311
11212232112
12323222232
12232231132
12232313133
11123223232
11212232211
11231131113
12331212131
12133221131
12331213211
11212231331
11212231111
12323321331
12133112213
11212311323
11212311332
12333232333
12331333313
12331121312
11212313213
11212313123
11212212123
12321322321
11212332113
11212332131
12233223112
11231322333
11212332223
11211232133
12312132131
12333331313
11233223122
12113223322
11112312233
11212332322
12222213111
12221313223
11212332311
11212333112
11233223212
12311211222
12323121322
11212333332
11233221322
11212333233
12123133211
11212331123
12223113322
11232231113
12113131223
11211313223
11112132323
11231131223
11212322112
11212221123
11212322323
11122132133
11212131323
11123223131
11212131222
12332233131
11212132122
11231311223
11212333121
11231111221
11212133321
11222313223
11212133132
11212121113
12221121321
11212121223
12211321331
11212122213
11212122132
12312311213
11211212232
11212112232
11212112333
11121231121
12223222112
11212113121
12232323112
11232113321
11222122113
11211221223
12233112333
11212113211
11212111123
11212223323
11212111132
12331321121
11213311113
11213311131
11222211132
11231123123
11121321233
11111221123
12333311333
12333222112
12231221121
12332232323
11213312231
11223221323
12321322132
11213312123
12222133231
11213322113
12322133133
11213322131
11233213323
12122331322
12221311313
11213322232
11213322322
11213322311
12232123231
11213323323
11213323332
12222132122
11121221333
11213323222
11223122211
11232321311
11222321323
12333211211
12233233131
11212212312
11223213232
12133123222
11213332112
12131232113
11233111311
11213332323
11213313122
11213331212
11232113123
12131211233
11213331313
12232333322
11112232221
11213211323
12213211212
11211233123
12311233112
12322112121
11212112223
12121321212
11121123323
11212311112
11233322212
11233123112
11212131121
12131323211
12311121112
11213212133
12323113121
11213232131
11213232232
12132222133
11213232322
11231322113
12213321223
11213232311
11213233112
11212222311
12111122113
12121312111
12221111131
12323123313
12222123331
11212232332
11213233121
12332311121
11213233222
11213231231
11233332123
11213222211
12123331211
11213223113
11213223223
11213223232
11213222121
11112311111
12121212312
11213221212
11213311322
11213221221
11213221313
12112222232
12232212111
12211212312
11213221133
12111323132
11213221111
11231322223
11213121112
11213121332
11213122221
12313332132
12113222323
11213111221
12211313312
11212313321
11213131113
11231112323
11213133313
11213133133
11211132323
11213132312
11213132321
11122212312
11213132132
11112331131
12322311322
11212123313
12331233132
11211233321
12232333311
12332121311
12133212113
11213113333
12123311213
11213113322
12133122131
12331231332
12212322313
11232122222
12212133311
11213112211
11213111212
12133333313
11213111133
12131231231
11232111323
11211113313
11211231233
11112211321
12111313311
12231321113
11232132232
12212131212
11232132322
12132331332
11232132311
11232133112
12321222122
12222332232
12132222111
11232133121
12331131331
11213133221
11232133323
12312122323
12112122231
12233122123
12213313233
11232131231
12232312213
11232131132
11212133123
11232123223
11233333212
11221312212
11232123232
11232123322
12132111112
11231323233
11232121212
12231333321
11232121313
11232121133
11231312312
11232221112
12133231332
11112213211
11232221332
11232221222
11212312212
11212112322
12132111121
11223311132
11221132111
12313223313
12113132321
12223231231
11112231323
12333332332
11232222111
11232223312
12123231333
12311122111
11232231131
11112322133
11211321233
12313232313
11232231223
11232231232
12121132133
11211111333
11232231311
11212112113
12211232112
11212221132
11232232312
11123221331
11122311332
11232213131
12312211313
12221312211
12231232321
11232213223
12122133223
11232213232
12211231221
11232213322
11121212223
12223313122
11232211221
12212122322
12121312212
11232211331
12231122222
12212133113
11211223111
11232211122
11232211111
12331311133
11232331112
12313222123
12213211313
12223323323
11232331222
12121322233
11232332331
11232333312
12331131212
11232321131
12133323213
11232321322
11232323313
11232323331
12221123323
12213222221
12131213312
12233113332
11232322312
11232322213
11232322132
11212221213
11232312113
11121211132
11232313112
11212321212
11232311321
12331321222
11233111113
12323211311
11233111223
11213321321
11233113313
11222233312
12232333223
11233113133
11233112123
11222321332
11233122113
12211312221
11233122232
12321312311
12123122211
12231221323
11223113321
12313123233
12231321311
11213112112
11111213111
11233123323
11233123332
11233123211
12122121213
11233121312
11233121321
12112211232
11233313322
12331121123
11233133113
11233133131
12213221211
11233133322
11231122331
12212323213
12222113222
12122331333
11233133311
11122311211
11233132323
11233132222
11211222123
11123233222
11213332233
11233131221
11212111231
11123132132
11122321133
12313222321
11233131122
11212323131
11233131111
11233321222
11233322221
11233322133
11232222122
11222331131
11233323321
12112232211
12131322113
12311232232
11211333221
11233331223
12311233332
12122132121
11233331311
12111133223
12133131331
11122132111
11233333111
12111321233
12213132131
12113211332
12133121132
11233332213
11233332231
12322112233
12131312312
12221111311
11232111121
11111231221
11233313131
11232112331
12221123211
11233313223
11232223123
11233313333
12331112321
11233332321
11233313311
11233312121
12221213211
11232331211
12231232312
12222231212
11233312222
12333222222
11112333122
11212222113
11123123312
12321321223
11233231222
12233311211
11233232212
12322213231
11233232331
12312112111
12321121111
11233233312
12223223232
11233233321
11221123133
11233233132
12221111333
11221332322
12122212223
11233221131
11233221232
11233221311
11233223221
12212233123
11212331321
11233223313
11233223331
12311322232
12211111213
11232122332
11233222123
12223222332
11212121322
12132132311
11222333221
12111132112
11233222132
12312133211
12212121321
12123211221
11232212121
11232112212
11233212131
11122212132
11233212311
11233213112
11233311331
12111131122
11231233332
12213123113
11233213121
12113331313
12332111123
11233112231
11222112132
12333113311
11233211312
11212113332
11212331132
12132323221
12313123323
11233211123
11112132222
11123223333
11231311113
12221322111
11232112133
12233231313
11233311212
12131121332
11231313221
11231313111
11112222312
11112223313
11231312321
12312111112
11231312231
12323223222
11232323221
11213331221
11231323323
11111232233
12122112321
12313233132
12333332112
12323112232
11111233232
11211122322
11231321321
11231321213
11231321231
12131122331
11213112222
11231333223
12323323322
11212331312
12233332223
11122232211
11213212212
11231333232
11231333333
11121321112
12132232231
11121113111
11231333311
12233322121
11231332112
11112332213
11233222231
11233331131
11223231131
11231332332
12312131321
12121113222
11232223231
11231332233
11123223223
11212211232
12121123122
11231331212
11231222332
11122113233
11213232223
11231211332
11112323312
12333332323
12221232111
11231211233
12133321121
11212111213
11121113331
11231211211
11231212331
12113233211
12233232233
11212113112
11231212133
11233311111
11122332311
11231311311
12213213223
11231212111
11231213213
11231213123
11212322211
11212111312
11212121131
12233112131
12331323231
11231232311
12311223322
11212231313
11122311233
11231233112
11231333131
12132221332
11231233121
12111232221
11231233323
11221323311
12312223321
11213131131
12212313131
12222322222
11211221232
12121131323
11231231132
12133223221
11231223232
11121213323
12323311233
11231223311
11231222112
11231222211
11112132211
12232211112
11231221122
12311132132
11231221111
11231121112
12311231231
11231121233
11231121222
12233323333
12331133333
11231122133
11231123312
12313111311
12121222223
11231123321
11122122132
12211223222
12233111213
11233233213
12321112313
12222223233
11231131131
11232212323
12113121121
11212232323
12122223221
11231131232
11231133221
12311231321
11231133313
11112311133
11231133331
12313123211
11231221212
12112221123
11232211133
11211223122
11231133122
12321322312
11231132312
11121311212
11231132321
11231132123
11231132132
11232313121
12312232123
11231113113
11211322212
12333113232
12113322223
11231113223
11231113333
11231112121
12112123111
11231112233
12213212233
11231111212
11233121132
12213233331
12122112123
12332113211
11231111331
11223111323
12123321322
11121331232
12211311112
12332211333
12211121322
12333311223
11223111222
11223112313
12122232133
12321122121
11212111321
12113321213
11221311323
11223113123
11222231323
12132233331
12231111222
11223132131
11213232333
11223132223
11123223311
11123331122
11213113232
12322111212
11223132232
11123211233
11232311213
11121221322
12111132222
12222323311
11223132333
11223132322
12312123333
12113122122
11223133112
12111113212
11232333231
12333211332
12222221231
11223133332
12332123313
11223133222
11231231231
11223131312
11112122223
11231222121
11223131213
12322332211
12131313313
11223131231
12222131121
11223123131
12112313321
11223123322
11223122112
11213133122
11223122121
12321222212
11112321112
12232322333
11213323112
11223122332
12231131312
12311211233
11232212222
12211313231
11223231223
11233231112
11223121331
12233111132
11213333322
11221123111
11121311313
12222113211
12133321233
11223221121
12321322231
11211312222
11223221211
11223222133
12112322233
12123112133
11231111111
11223223321
11223223231
12233312111
11223231113
12211111321
12112222131
11212232233
11233213332
11233132211
11223233221
11222231112
12122111232
11223233313
12221333111
12321111233
11223233331
12333231231
11233333313
11223233122
12211233131
11223233111
12112312111
11213112323
12232121233
11232233111
12331133322
12112121232
12231131123
12322222211
11231221221
12323332333
12113132231
11223232213
12312211331
12313313311
12121233322
11223232123
11223232132
12131212133
11121322111
12212211123
11223213322
11211312121
12231223312
11111122132
11212332232
11221112113
12213313112
12123323122
12321111211
11223212323
12211322323
11223212233
12333131311
12323122213
11223212222
11223211212
12333232311
12122113212
11212212213
11122221312
12121233232
11212131211
11111123133
11223211313
12332232332
12232233332
11223211111
11223331323
12331132323
12321333213
11223331332
11213231321
11233132233
11122113222
12332131211
11223331211
12312213223
12123331233
11223333213
11231121121
12213333321
11223113132
11233111232
11123211121
12333232223
11223333231
11223111332
11223321333
12233123111
11211223313
12322113131
12233112223
12223221313
12112113121
11231232131
12321211133
11223321322
11123311232
12123322132
11212333323
11223323313
11223122233
11223323133
11212122321
11223322312
12222321133
11232232123
11212323333
12331313131
11222113331
11223312113
11223312232
12213112331
11232133222
12132223132
11223312333
12312112221
11223312322
11223313121
11123333131
11112322111
11213313313
11223313332
11233321323
12231331112
11211232212
12213222331
11223311312
12212112231
12121323322
11232332313
12132131132
12123323133
11223311231
11222111223
12221223221
11212321221
12213221112
11222111311
11221322222
12312133323
11222113221
11223112133
12131332121
12231222133
12223312312
11222113122
12221221311
12113221122
11222112312
12331212223
11222112213
12133231222
11222112231
11233211132
11212122231
12212121213
11223121221
11222121231
12322222121
11222122131
12122231233
11222122223
11221233232
12111311313
11222122232
11112131331
11222122311
12121232233
11223332133
11232222133
12223333113
11222123112
12231331332
11233321121
11222123323
11213222112
11222123233
12121332223
11222123222
11222123211
11221232233
12321123223
11122223211
12111312233
11232333123
11222133113
11121123121
12213312311
11222133131
11222133223
12333123132
12333331221
11232212233
12113312231
12123212323
12211112131
12223122313
12221311212
11232333132
12332332311
11222133333
12323221321
12231212323
11233232122
11221211311
11222133311
12123123131
12121332113
12121231122
12311123312
12111111311
11222132121
11222132332
11222132233
12332223211
11232331121
11222131212
11222131221
11123223322
12112312122
12231222212
11222222321
12313231332
11222131331
11121213112
11222321112
11111221231
11223112221
11222321233
12321312322
12311311113
11221221231
11212313231
11232233212
11122122123
11231331122
11222111131
11222322221
12212111131
11212213331
12112223222
11222322313
12213331112
11222322331
11221231221
12213311213
12332123221
12323213111
11213133212
12131132132
12321332221
11231321312
11232323212
11222322111
12123232231
12321231333
12221213112
11122312122
11232333213
11221131112
11223232312
12122332231
11122232233
12132132113
12233333332
12311333223
11121231112
11221112223
12213323221
12121211232
12121213221
11122231122
12121111213
11122123331
11212211333
12221331131
11122123122
12311323222
11122122213
12221213233
11121322122
12333323323
12112122132
11122133231
11213332121
11122221231
11121213222
12223311333
11222321211
11232233331
11111111231
12212331311
12333131223
12131112112
11122112232
12131122122
11122112333
11121331322
11213211233
12132323111
12223323112
11111212312
12333313331
12211131233
11213333113
11112211231
12133332213
11211233132
11121222123
12233332232
12321323122
12211331132
11223132311
11112322331
11233222312
11223223132
11123212212
12132322231
11211121312
11231131333
11211112123
11222221311
12311331212
12113332112
11211311212
11122121131
11223321131
11213221122
11232133332
11123212221
12212111232
11233322122
12222222333
11232111112
12133133232
12311231312
12223323233
11122321221
11123212133
11233112321
12133321332
11123231213
11211232122
12112111231
12333323112
11122321331
11123212111
12313212333
12313223111
11122331321
11232312232
11123213132
11212222131
12132233133
12223322113
11212322332
11122112223
11222323231
11213212331
11123233233
11212132212
11221213133
11233322111
12332132133
12332332223
11122211113
12213122222
11231232223
12323121131
11123232333
11232213113
12221313131
11123232311
11121323213
12332323311
12322132231
12112113323
11122232332
12323111123
11122112131
11111123313
11223221222
11211231323
11212211322
11212323223
12233221321
12221113133
11121311122
11212222322
11232312333
11233212223
11121311331
11221121333
11211231332
11222223122
12222131222
12122123233
12121332131
11223123113
11223113312
12232222112
11123323332
11122122321
12223211211
11112223133
11221333222
12231313112
12321111332
11212321111
12333233121
12222123221
12131212221
12222131233
11123311113
12312212323
12322221331
11212313312
12232112211
12223131322
11123311131
11122212213
12322123231
11123311322
12123212121
12331212232
12133312222
12123211122
11122111321
11122131112
12221131122
11122133312
11122223332
12233333211
11121321332
12111333221
12213333312
12312133332
12222212132
12111311111
11223332212
12221112132
11123231132
11213333223
11123231312
12313132112
11123313331
11233132332
11231221133
12333112121
11123311333
12122311111
11123313212
11121212322
11222332231
12223221122
12222212123
12111312323
11232323122
11112312323
11123313122
11121212232
11233111333
11121223221
11221211131
11123312312
11112311331
12132221323
12211222333
11122221321
12221312332
11112221131
11111211223
12313223221
11211311221
11123312123
11122121232
11112113212
12323133213
11123311311
12233323131
11222312323
12311233121
12333323121
11212311121
11123323323
12122231332
11223123333
11222121213
12222323333
12122123112
11112231222
11123323211
12113311322
12213223321
11221211333
11123322113
11211331333
12323232323
11221332223
12211221231
11231331313
12223331212
11121313322
12122321222
11221212123
12122211132
12313321222
11122223112
11111221132
11221122123
11232133211
11123322333
11232122121
12211123133
12321133323
12211121232
12331322111
11221222232
11222313333
11223313112
12112313123
12213133233
12231311321
11223233212
11222112321
12213123223
12221231112
11123332332
11231123213
11212213133
11122212231
12131321321
11213133331
11222323312
11221232211
12221221232
12123213311
11111121322
12123312333
11231111133
11121223212
12332111213
12232123321
11213222323
11123331331
12333122212
11231131322
11222111113
12333221313
11123331221
12212311111
12211312313
12212323123
11222222213
12111313113
11111231212
12322122331
11122112322
11123131223
12231133323
11122323322
11221223233
12212313232
12212322212
11221331213
12112311211
11123132213
12112133123
11231322322
12311212111
12331123332
11112332123
11123332121
12323222113
12322333131
12321112111
11122111231
11211311122
11121232122
12333331212
11232113213
11121131221
11211232331
12212333133
11223111121
11121331311
11122121322
11123113223
12213323313
12213321311
11122213313
12112311112
11123132321
11231323112
11213333333
11212123212
11123121112
12212113331
11222123332
12223133122
11223131132
12211233333
11221233333
11123323222
11123122313
11123133122
11221233322
12313313223
12312332212
11123222332
11123122221
12311331111
12121331321
11122112113
12213133211
12112332333
11212321133
12313232331
12122323231
11212113233
12312311321
11123333232
11231332121
11211222312
11112223212
12222211131
11223332122
12313323123
12213132223
12222211223
11123221212
11211132121
12211232121
11232123333
11123112112
11112323132
11213332211
11123312132
12231321333
12211333211
11123133331
12333212221
11112233312
12322231231
11221212231
12133232122
12223212331
11213122133
12132221233
11231213321
11123112323
12313113111
11122113121
11233323132
12322211332
12131133313
12231332111
11232132113
12311222211
11122222232
12333133111
11222121321
11111123111
12222121322
11111231313
12111121312
11222233132
11231212212
12313322133
11222113313
12122131313
12211332311
11123333311
12231211111
12313213121
11223323212
12313121231
11122333211
11221231313
12212131133
11122212321
12323231221
11123331313
12111211123
11222223331
12323211333
12213122121
12221223212
11231212221
12123231223
12332132221
11231332211
12332211223
12112333323
11232332212
11222121123
12212111113
12221211312
11233331333
11123312321
12312213322
11123113311
12213213333
12213111323
12332221213
11121223331
12213113123
11213122111
11112313232
11123111133
11221131332
11232313233
11213211332
11122233311
11223332313
11232112313
11112322313
12311211121
11231212122
11122211232
11223212121
12111323321
11123122331
11232212332
11231323332
11121211321
11111221312
12311322131
11231111313
12223211112
11111211333
11121212333
12322123312
12123223213
11111222333
11212311211
11213131322
11112113122
11112221322
12332211113
12213133121
11112133232
12322321321
11123233323
11213213132
11121132112
11213113223
11112222123
11232321113
11213231132
11122223121
11112111223
12313131111
12131212313
11123113322
11212312133
11231112222
11111112333
12321121221
12232233121
12313122223
11112112321
12221223111
12322133111
11122131233
11121121132
12333133331
12221231233
11112333212
11233121213
11121131122
12223221133
11232221211
11111212231
12111213121
11233213233
11121111333
12331232331
12313122113
12222123111
11112231233
11223221233
11221321313
11231313122
11123332323
11112111311
11111231111
11223313323
11221121223
12133131221
12131211121
12223232131
12121332232
11221221321
12123113132
11122123221
12233213133
11123212331
12211131112
12222333222
11111233333
11211333111
12112231122
12321223312
12312312131
12322321123
12322222332
11111222113
12112113211
11222313232
12332113332
11123321312
11123321132
11233231233
12332111231
11231212313
11123131232
11122311121
11213312321
12323132133
11121232212
12333211112
12132222331
11111213313
12122132332
12322212313
11121333212
12233112232
12311131322
12122323123
12233223323
12212123112
12332133132
11112213233
12322122111
12113321312
11223213333
11211213323
11221231331
12223323332
11123123123
11122113112
11221332311
12211312122
11123232131
11223121212
11213232113
11223322132
11221112232
11212132313
11221312221
11222111232
11122232222
12131232232
11123323233
11111211131
12221323123
11211331223
12121332311
11121321323
12121133213
12223322232
11122312111
12133211231
11212321331
11232312131
12212131331
11123222112
12211321212
11112331223
12211333112
11231231213
11212321313
11223132113
11233221223
12131331133
11212212132
11123122122
11223213223
11223332221
12222232112
11221111312
12222212321
11123211112
11122211333
12131323233
12311112233
12222132212
11123123321
12211233113
11122132313
12333231132
11111112223
11123322311
11112313131
12112323223
12233213331
12213213232
12112132313
11111223112
12332131222
11222232331
12132112122
12211213313
11233113111
11231211121
11213333311
12331223331
12213331222
11112122311
11212123221
11223323331
11123131311
11111121311
11231211222
12313121123
11122321313
12322231123
12221113111
12211312111
12211123313
11123212122
11222311212
11223111112
11222331232
11123231123
11121132323
11213331133
12331311313
11112313333
11112123222
11123221122
12133332231
12312211133
11213122122
11121333331
11112221333
12321133211
12333213213
11111112131
12132323212
12331321211
11123121211
11223213311
12332331213
11112212113
11231231123
12312212233
12311311311
12113313212
12133222123
11112323231
11232233221
11221213212
11222322122
11112131133
11211212131
11111212123
11221113222
11111222232
11111222322
12312332111
12123323313
11112133322
12321231322
11231322131
12323331231
11111121131
12132113312
11221332131
11221213122
12111222312
11123122111
11123223113
11221333332
12213333231
12222231111
11123213312
12332113112
11123313221
11221113323
12323132221
11111123331
11233121231
12121113332
12321222331
11233332312
11221333323
11123112121
12132332331
11111223233
11221123122
11212311233
12132232123
12223133313
12231313233
11221331321
12123312131
12331332231
12113111313
11122111123
11213321312
11112212223
12323121223
12331132233
11123133212
11211223212
12223223131
12113122313
11223322321
11222131122
11112123121
12111131133
11211223331
12112212231
12133113122
12312113123
12322223232
11123323112
12311223333
12133212333
11111121223
11232113132
11112112231
12123122222
12323123331
11231221313
12122121312
11223211122
11211332231
11213213123
12113232113
11123322223
12131112233
11221313213
11221133132
12211321133
11223113213
12222312331
11122233322
12123333132
12121311121
12322232113
12312232231
12321123131
11111222223
11123133313
12131113223
12211323131
11231233222
12322231213
12312331233
11123323121
12111122232
11112313113
11211232221
12321221332
11122232112
11233323213
11112211312
12233212132
11232233133
11112221113
12133311221
11112332231
12223122212
11111233113
11211312323
12121222333
11232233313
12312221233
11111122213
12332212123
11111223121
11221122321
11112211213
11122333112
11211321121
12212321222
11111122231
11122131222
11123332211
11221223121
12121132111
12232321321
11122221123
11111222311
11213122313
11123211222
12123322312
11123212313
11123313133
12311231132
12133112123
12131332211
12212122223
12223122221
11121133223
11211231222
12123131321
11123113131
11232321223
11123233211
12212123121
12233233322
11221323113
11213321123
11232223321
11112131313
11223321113
12322331331
12112221132
12112121311
12131313122
11122313312
12131112222
12312223123
12211332223
11221213221
12232232113
12331122311
11232212112
12313231211
11122313321
12313211213
12111312332
12133233123
11111111213
12211211322
11212213111
12332122231
11111123122
12233213122
12213132333
12112112223
11123111221
11121113212
12133221322
11222231222
11121233213
11212223332
11123331111
11111223211
12231212332
12312111332
12112322323
12232331331
12332322233
11221323333
11212223121
11223213131
12211222113
11123233332
12232223232
11213123132
12332111132
12112211311
11122233333
11231112112
11221322211
11232122211
12331333212
12332322121
11123123213
11123133221
11222222231
12223111111
12213131132
11231313313
11212231212
11223211133
12131221313
11233333331
11121212113
11111112311
12122332132
12323223323
11233313113
11111123212
11123213213
11232123113
12313312323
12221132222
11232111332
12313313322
11211332321
12311332222
11232322231
12212132332
12123312322
12322221133
12132233122
12323212132
12223231123
11231113131
11122131323
11231313212
11111122123
12332121131
11231223333
11123333113
11211213222
11231232232
11231311131
11111121113
12332231133
12311333131
11213112121
12233112113
11231131311
11121232331
11223131123
12111321211
12311332211
12132331121
12331312323
12132231311
12221221333
11221212132
12133213222
12322122212
12231113321
12323122123
11111232222
12323232332
11232111211
12332121113
12332223323
11223213113
12223121222
11123122133
11121122322
12232123312
12331113122
11231323222
12323213212
12111131221
11223323221
11221131211
12123223231
11123313111
11221311112
11212232121
11232311132
11112223331
11112223111
11123232232
11231323121
12311132312
11221113332
11122323333
11111223222
12232111133
12221212322
11122333233
11121332132
11222231211
11123313313
11123121233
11211321211
12112223112
12123112122
11233332132
12323312111
11213213231
12111111232
12231131132
11122323131
11122332113
11232313211
11221323232
11121113133
11112132233
12233222131
11221222333
12131232333
11111232332
11211111311
12321331233
12133333331
12121112113
11123131322
11231232322
12213311123
12221312233
11111211232
11121112123
11213212221
11222223313
11221332113
12321212323
12213313211
12131123231
12123221211
11222212333
11213312312
11213212313
12331233312
11111213331
12323223112
12231112111
11123232322
11123222233
12311231213
11123213123
11222233231
11212233333
12132123223
11111232211
11211213121
12122131331
12121322211
11232323133
12332133213
12332232112
12112321111
12331312332
12231222313
11111213122
11123221221
12121123313
11233122333
12123321131
12321113213
11233232221
11123121222
12323233333
12313312222
11213323233
11221321122
11123111111
12131111313
11213311333
12323113211
11112312112
12111331333
11111221213
11221223112
11112333313
11123211211
11111123221
11111232323
12233212321
11123332112
11112232122
11231311322
11111121232
11232211212
11233211231
12211131323
11232311231
12221233213
12221112231
11112123332
11213131223
12332112223
11221313321
12223323121
11222113111
11123111313
11232331323
12322232232
12113213213
11121312121
11123222323
12222213122
11111213133
11213332332
11112233132
11233232133
11233333221
12233211113
12232212331
11222333122
11233131212
11121231211
11111111123
12333322333
12231222221
11223321223
11112323213
12311311223
11233223111
12321212211
12333121211
12131333322
11112233231
12231322231
11222322212
11222131111
11112321323
11213121233
11212323311
12212321323
11221321212
12213233212
11213222233
11223211221
11111222131
11231231312
11122123313
11123332233
11233323312
11122312313
12312113231
11213231123
11212313132
12211133231
11213132231
12113121332
11121132332
11122112311
12133122113
12131222332
11112232133
12223123123
11213313331
12133221223
11221113121
11112232331
12221311122
12133132211
12212332213
12221313333
11212122123
11111232121
12321211313
12332133123
12321211212
11112132121
11112123112
12313321112
12132331233
12331221333
11211212322
11121221232
11212213313
12331211312
11112313311
11112212322
12211322222
11233123233
11121133232
11233233231
11223112331
11112312211
12313112321
11233132112
12213213322
11121223133
11231332323
11222312332
11112231121
11111233311
11112333221
11213231213
11211211132
12221231121
11121332321
11232112221
11112231112
11122133132
11112113133
11221322323
12223222323
11213111122
11123112332
11222332213
11112213222
11222313311
12212123323
12231213322
11121331333
12331131313
11123111122
12331332132
11112333111
12231332331
12321121212
11212112131
12333322232
11122121223
11121231222
11221113233
12333131322
12111212131
11213332222
11213321231
11123222121
11233333122
12213213113
11111231122
12312131231
12213221222
11112311313
12113133133
11122132331
11213123312
11232313222
11112311212
11112312222
11112121213
11122223222
12332222113
12121221321
11112211132
12111113313
12112323322
12312132311
12222121113
11121211123
11221213313
11222221223
12332321313
12212312233
11122323113
12112311332
11221112333
11122313213
11122211223
12312313112
12321332133
12213321113
12213112313
12232213312
11123132312
11213123123
12323321212
12111332132
12112322121
11123222222
12313122311
11211133322
11233111131
12222223332
12311212331
11122312212
11222232212
11112111131
12111233213
12122232122
12332333222
12222211311
11112332321
12333121323
11232223213
11122113323
11221332333
11211221113
11213133111
12212221232
11222311111
12132221112
12313311133
11112333331
12322331212
11223233133
12113231213
12331132332
11111231331
12132211331
11123321231
12113112121
12212132211
12331321332
12322132132
11123113333
12323232233
11223112111
12332321122
11223231311
12223122133
11112331311
12313232212
12331131221
12211112113
11231211323
11232333321
12111122131
12333222233
11212122312
11222313322
11223123311
11122123111
11212123133
11221133321
12111213332
11112231211
11233331232
11221221123
12211112322
11112321211
11221111213
11122233232
11233212232
11112133311
12133313113
11123211323
12231111121
12312333132
11221231111
11123233112
12311212313
11212331213
11111212132
11123333223
11213211121
11121332231
12313233231
11123312231
11111213212
11231333322
12331113111
11121122223
12322212133
11231121332
11233122131
11111211113
11122121311
11111112232
12311111313
12133221113
12212133322
11212221231
11112131111
12222312133
11221111123
11223312223
11112133113
11213331122
11112331232
11231331331
12131131232
12312313332
11222111322
11222321222
11112121132
12222132313
11121321121
11221322233
11121222213
11123131131
12323112333
11123312213
11123132123
11112321332
12123233221
12233122132
11112322221
12321212332
11122132122
12223322311
11222131313
12132212332
12222332131
12131211211
11112131122
12212232313
11121111131
11122113332
12122123332
12321132113
12111111223
11231111122
12231211212
11122233131
11121232111
12321321232
12232131311
12213223132
12223112112
11123333322
12233321221
11121221311
11112111113
12131213321
11122131121
11232221121
12212231233
11212132111
11112132112
11112121231
11123113113
11212212231
11221121311
11112123323
11122123133
12232122111
11222212322
11232213333
11111231133
12332323333
12221221223
11112222321
11121111113
11232131312
12313221232
11233312323
11121333313
12122232331
12322331133
11231113311
11212222232
12213222133
12222311222
11233132121
11112122322
12333313122
12112233322
12332111321
11231121323
12132122121
12223131223
12222133321
11112231332
11123331212
11112332312
11122222223
11123131333
12112233232
11221322332
11231231321
11122333121
11112122131
12333322322
11223123232
11212322121
12312322312
12113211222
12332331312
11213121121
12211121223
12231232213
11122222333
12213322123
12211333222
11122222322
11121222321
11121312233
11122222131
11231113322
12213323212
12212212232
11232221233
11223131321
11122222113
12313112123
12332331231
12312223213
11122212123
11121333221
12321123113
12221232313
11213223322
11222213121
11223232231
11223333312
11222232133
12133213323
12231212112
12313333313
12331113331
11221331123
11232232321
12112331312
11112222231
11121112231
11112111333
12313133333
12312132113
11122213133
11121333122
11122213122
11122331213
12233323223
11232312311
12312211221
12112121113
12213212112
11122213221
11213311223
12313311221
12231332313
11212233322
12133232221
11112333133
11222333133
12212323321
11122211311
12321121313
11112113111
11122211322
12121313312
11231312123
11121131313
12212121312
11122131211
11122321111
12132322123
11121131212
12321313222
11122321122
12333332211
11231133212
11233112312
11233112132
11122321212
11122323311
11121322221
12112232323
12133321323
11112212311
11221231212
11212312313
11222121312
11123111212
11221231133
12322113333
11232123311
12212132323
11122323223
12332222131
11213211112
11233231332
12221313311
11212222333
11223113231
12123132311
11122333323
11122322233
11232132131
11232313332
12232111122
11223312131
12131221212
11223133323
12312132322
11211313322
12311232322
11213313212
12223213123
12322112323
11122322121
11111212321
11231123231
11212121232
11123121121
12311311333
12322323112
11122322112
12232222323
11223331233
12321312131
12231233111
11123231231
11122331123
11213213213
12312123223
11232113312
11233222321
12323311323
11122131332
11121221113
12331133311
11122331312
12313233123
12311322333
12232321132
11112133333
11222211213
12211233223
11121123332
12323322121
11122332322
12112332113
12312112331
11122332232
11213213312
11123133133
11233133232
11222312121
12232221313
11213123213
11122211131
12131121222
11221212321
11122333332
11233133223
11122333222
11122313123
12113123231
12333111331
12333223311
12332131112
12331323213
11112221311
12213323111
12313112231
11122313231
11112112312
11212132331
12111212322
11213321213
11233313232
12223213132
11222122322
12231233313
12323122132
11222312112
11122312331
11211211321
11223212332
11122311112
12223113223
11112313322
12312222133
12121312331
12321311123
11121211312
11121211231
11123112222
11121211213
12233123313
12322133122
12212223212
11112331333
12321332212
11221122132
11112222213
11111233322
12131312123
11211112312
12322112112
11121212131
11121213211
11221212213
11223333132
12321313323
11121322331
11121212311
11212233131
11223333123
12122221333
12322332233
11111112322
11222221322
11121233321
12333221133
11213112332
11221112311
12331322331
12312213131
12323322211
11232331332
11212312221
12211112333
11121232133
11211213233
12331222123
11112322212
11112122333
12232332211
11222133322
12321322123
12221231222
11121232221
12333133133
11233321332
12211131332
12113333131
11121232313
11222333212
11211213332
12111223331
11231213312
12112122321
12331122113
11222231332
12213231232
11112233123
12211333121
11213333131
11121231332
12222113121
12123213223
11121331223
11122221213
12123232123
12331322212
11121222132
12111112123
11222123121
11211113221
12231113312
11231132213
12313212322
11213233323
11121222312
12212333122
11211313232
12322122313
11232322321
11123221111
12113213312
12211132133
11223221112
12112232121
11122313132
11112221232
12211221213
12133211312
11121223313
12233131233
11233322331
11231232333
12322223223
11233212322
11123222211
11121221223
12323132331
11112223122
12113333333
12223312231
11121311111
11123121332
11221233131
12313313232
12332312221
11221221213
11212312331
12312232132
12222112333
12332321133
12222323322
12123212211
12322123123
11121221131
11121313333
11231313331
11122312221
11121313223
11231223223
11121132233
12223321213
12121312122
11123322322
12311312312
11222233123
12333311232
11222311122
11121312323
12332322112
11232121331
11121233123
11211321112
12122212131
12232211332
11221222311
12331311331
11213233211
11122323232
11212312122
11121323321
12121222131
11232222331
11231233233
11121323312
11222323123
11121122113
12122332213
11221211232
12212223111
12222111132
12222313231
12222312313
11233211321
12222133312
11121322133
12312332331
12312233111
11223322231
11123122212
11121321211
11223333321
12213232321
12321121133
11121321222
12313133311
11231122313
12223333311
12132213322
12123312223
11112311122
12212121231
11213132123
11112331113
11121333133
11111221321
11122133321
11121332213
12213232132
11112132332
11223212211
11231132231
12133313333
11212312111
11123233121
11112121321
11121331131
12323333112
11121311133
11121331113
11111223323
12223313111
11112122113
12331321112
11121131111
12213133112
11122121113
11221333112
12331221223
11121133333
11212232222
11213312213
12333213132
11233321233
12121123331
11232332221
12222333332
12331223313
11121123211
12311112112
11121133131
11123231321
11112113221
11221333233
11121133113
12223322322
12233131112
11111211311
12311221212
11121132222
11121132121
12322331313
12222212231
11111121333
11121121123
11232321333
11121121312
11221322121
12122221232
11121122311
12213312322
11121122333
11223331112
12321212233
11213113113
11121122131
11121123222
11211132332
12231111323
11231323211
12331223133
12131223232
11122111132
12111333212
12111322212
12211233311
11121123112
11121112132
11212223211
12211112311
11121112321
11221231122
12132211122
11223311321
11121112312
11211222231
11213121323
12313111113
11121112213
11222213233
12233313321
11122133213
11112121312
11223231232
11121113313
12121133231
11231321132
12212331333
11121111311
12331113212
12232122221
11212133213
12121211311
11121111322
11121121213
11221113211
12122333133
11213121222
11221122231
11221113112
12222122213
11221112131
11223313211
11212321122
12111331322
11232131213
11122231313
11222211321
12233233223
11221122213
11232313323
12313133113
12211212132
12231133233
12222221321
12222322323
12122132112
11221122312
12112111312
11212132221
11221233311
11222221333
12322232322
12333323233
12312311312
12211222232
11221121322
12112123133
11232112111
12122112312
11121313131
11221121232
11223231333
11221121131
12222211232
11231222323
11213221331
12232223322
11221133123
11231122212
11221133231
12211313132
11232231333
11233122311
12122223122
12322312231
12231312322
11222332312
11121213332
11122213111
11212233232
11212333222
11221132221
12123313211
11121312112
12312331121
11121111232
12231213333
11212323322
11213331111
11221132212
11222323213
11232133233
11212121311
12223223113
11222312233
11232323111
12311313212
12222112223
12231311231
11221131233
11232222313
12123121331
12123323212
11221131323
12332323232
12221321222
11222222123
12323132122
11221321133
12123131312
11232312223
11221132313
11221321331
11223121133
11221321221
12212212113
11213323121
12323131121
12223231312
12131133122
12121333211
12223131232
12112321133
11223321232
12232131333
11231312213
11221323322
11221312313
11222223212
12211122132
12121121223
12311223223
11232222212
11221323131
12121331123
11221212312
11213121211
11221123331
11221331132
11122121333
11221331231
11122113211
12211312212
11112222132
11221331312
11212311222
11223322123
12211112232
11222211123
12311132231
11221333211
11222311313
11221332232
12123221233
11222223221
11221313132
12322221313
12113111111
11221311121
12211131121
12122132222
12221222213
11223221332
12233222311
11221313312
11122231212
11221312111
12122212311
11233232111
12333131113
12322221221
11123321321
11213122212
11122322323
12332131323
12113312123
12121123221
11221312122
11213322223
11121123233
11221312133
11221311211
11221311222
11233133333
12223123312
12131311322
12222122321
12133132121
11221311233
12223321312
12231221112
11121223122
11221311332
12132233221
12333111133
12223111133
11112223221
12222233333
11112131212
12122322221
11211312211
12323232222
11232122233
12312233122
12122313333
11233321112
11221232222
12112321122
12121122213
12313322122
12223123321
12212232331
12222112311
11211313311
11233113212
12213212121
11221232323
12311123132
11221232121
12223223322
11221232112
12222313123
11221233223
12221231323
11223323122
12221123121
11213212111
12133331311
11123123231
11213111313
12332213221
11221322112
11111223332
12213313222
11221223332
12321233331
12322223113
11221223323
12212321233
12223213213
11221222322
11231223131
11221222223
11111112113
11221222131
12333232322
11221222113
12322223131
11232123131
12213223213
12223132231
11221211223
11212123122
11223222331
12311112323
11221211113
12333211323
12321122323
12232133313
12213211133
12111133131
12133112312
11212121333
11222211231
12332213331
12212333313
12331212113
11121312211
11222211312
11231122221
12232121121
12311233233
12321212121
12321113231
12322312132
12322332332
11222213332
12131131322
12221232331
11222213112
11211122232
12321222133
11232331233
11222212131
11122231111
12321222111
11222212113
11232332133
12332321221
11213321132
11211123222
11213131333
11122221132
11231331111
12111313131
11222223111
12321113123
12333223322
11121323231
11221221132
12233231122
12211213221
12222233322
11222223133
11231112332
11232131123
11223231322
12311232333
12313213112
11222221232
12122332123
11212222223
11121322212
12322232333
12222333323
11222332123
12233233311
11231322232
11222221131
12212133232
11231321123
11233323123
12322211233
12323223233
11221131121
12212113111
11222233321
12111113122
12221222312
11222113212
11222232313
12311311322
12331332123
12121223332
11112332132
11213313133
11222232221
11213213321
12323222131
12312222221
12221322221
11211132211
11212322222
11221211322
12331133232
11233211213
12111322313
12333131232
12232312321
12323311332
12123132232
11111233223
11222231121
11222311331
12131122212
12222331321
11112322122
11212133312
12333111212
11211131221
12333312132
12223133133
11222311221
11222312211
12111221131
11213331331
11123132231
12333333113
11122331132
11221123221
12211312331
11233113331
11222312222
12311323323
12332222322
12231123232
11232322123
11233311221
11211232111
11212113323
12322111122
12112231212
11231112211
12313231233
12323233311
12131331221
12213122233
11222332132
12311133221
12133313131
11211212333
11122232323
11111212213
11112331322
12213222122
12222232211
12332312212
11121131331
11222333331
11232111233
12123222111
11121133322
11222333313
11121131133
12313131331
12331312233
11212221321
11232212211
12321313121
12212231112
11233331322
11222331113
11211313113
11211332132
12233113112
12312333231
11211332123
11121132211
11211332213
11211332312
12232332332
12222331213
12112233131
11222133232
11211333122
12123223312
11211333133
12333333232
11211333331
11211333313
11223331121
11211333212
11211331311
12323313132
11223112212
11211331322
12221321323
12311111331
12331331322
12233112311
11211331131
11222132211
11211331113
11122231331
12313132211
11211323132
12313323231
11211323231
11211323321
12312211122
12213222111
11211322111
12321312113
11211322122
11221323223
11211322133
11211322331
12223211121
12231123131
11211322313
11211322221
12313232221
12331112231
12322331122
11211321222
12222211333
12323121311
11122322211
11211321332
11211321323
12332311222
12121122231
12323322332
11221223211
11211131111
11211131331
11211131313
12321112133
12232221133
11211131212
11211132222
11111232112
12312233331
11211132112
11211133333
11112232111
12311112121
12111123211
11211133223
12331231112
12233321133
11211133131
11211133113
11211121132
11211121123
11211121231
12321323111
11211121213
11211121321
12331331113
11211123211
12331123323
11212333211
11211123233
12222131112
11211123323
12131132231
11221313123
12222121223
12222313213
11211123121
12113223131
12121221231
11211123112
12211232323
11211122311
12312323331
11211122333
12312212121
12231223321
11211122223
12231332122
12232222222
12221223122
11211122131
12311331133
11223223123
12222233311
11211112231
12311221313
12321221112
11211112321
12122232111
11211113111
12333132123
12212223313
11221233113
11211113122
12231323111
12312113213
11211113133
11211113331
11211113212
11211111322
11211111232
12221222321
11213312132
11211111223
11211111131
11213311311
11232211313
12323221312
12131123213
12123333321
11211111113
11122123212
12311111111
12311111122
12311111221
12321231311
12123331222
12331213323
11123221133
12212122333
11121113221
12311333333
12311113311
12311113322
12323113112
12311113223
12132313211
12221213222
12311113232
11112233321
12311113131
12311113113
12311112211
11233113122
12311112332
12311123123
12131231213
11122222311
12312321322
12223331313
11222322133
12311123321
12123233212
12331111311
12311123213
12311122133
12112213331
12323213221
11111122312
12311122221
12312221222
12311122331
11232232213
12223311232
12311122313
12331332213
11211331232
12311121211
12333133313
11111233131
12311121233
12322131223
12223113113
12311121332
12322112332
12311121121
12113131232
11231313133
12322213123
12312121221
11223222313
12311132123
12313331113
12311132321
12311133111
12311133133
12121133312
12213331332
11232112122
12311133122
12212113122
12223333333
11111122321
12311133212
12311333311
12311133331
12331331311
12133113313
12311133313
12111133113
12331222231
11121231323
12311131311
12332132122
12311131333
12311131223
12311131232
12311131131
12332322222
12311131113
12311331122
12311331221
12311331331
11223111211
12311331313
12311333322
12311333232
12323111321
12311333113
12121322112
12311332233
11222213323
12311213213
11222132222
12322212122
12311332332
12131123312
12311332121
12311332112
11122322222
12311321123
12311321321
12311321312
12311321231
11221232332
12211233232
12311322311
12311322322
12121323223
12311322223
12211211232
12223112323
12311322113
12122322111
12311323211
12321223123
11232311123
12311323233
12132113213
12222122312
12311323332
12311323121
12311323112
12311312123
12333332222
12311312132
11222112123
12313311313
12311312321
11213222222
12311312231
11223121111
12311312213
12333221221
12132232213
12313322111
12311313111
12311313133
12213312113
12311313122
12311313331
12311313313
12231231131
12311311131
12123231113
11221312331
12311221111
12311221133
12311221122
12312113321
12311221331
11232121111
12331112213
12121213111
12332112131
12311223131
12231331323
11231333113
12311223113
12311222222
12311222323
11221213331
11122231221
12311222332
12311222112
12233121131
12211222311
12213121313
12111333133
12311232311
12312333312
12311232223
12311232131
12311232113
12311233222
11222313131
12313332213
12311233323
12333323332
12223312213
12311213132
12113221111
11123321213
12311213321
11223211331
11221112322
12311213312
12311213231
12311212133
12231232132
12311212122
12311212212
12311211211
12332333112
12311211323
12311211332
12311211112
12312311123
12323113332
12312311231
11121113122
12312312311
12122131221
11232121221
12312312333
12211113121
12212123222
12322132312
12312312232
11222321121
12221233312
11112321222
12312313233
12312313222
12222333211
12312313323
12312313121
12121221123
12312333123
12312333321
12223332222
12132122233
12221312121
11232111222
12312333213
12131222211
11112323321
11233131133
11213111331
12212331131
12222331132
12312332122
12323221123
12113311311
11111211322
12312332313
12331223221
12213131321
12312331323
12312331332
12331221322
12212233213
12131333223
12312331112
12312322123
12111123233
12112131222
12312321311
12133222213
12123111323
12312322231
12312323111
12332223332
12323211113
12232323233
12212213233
11112113313
12312323133
12332212132
12312323221
12131321123
12222332322
12312323212
12312323313
12312321333
12312321232
12312321131
11122213212
12322133212
11233123222
12312321113
12211322121
12322131113
12121231111
12312211111
12133232133
11223222212
12312211212
12333121222
12312213311
12331122131
12133223313
12312213232
12133133311
12312213113
12312212332
12131213132
12312212112
12311221221
12312223132
12311122122
12312223312
12312223231
12312222111
12313322221
12122332321
12312222122
12312222212
12312222331
12322121211
12312222313
12122122232
11221131222
12223132312
12312221211
12312221323
12111111333
12312221332
12322332121
12122232212
11212332333
12312221121
12213123333
12312221112
11231331221
12312232321
11121231233
12312232213
12312233221
12111111322
12123212233
12312233212
11212331231
12312322321
12323231331
12213112111
12312233313
11222332321
12312231311
12312122121
12111121123
12312231333
12312231322
12212111311
12312231223
12312231232
12232133221
11112313223
12312231131
12133222312
12312231113
12312121111
12121123212
11213223131
12312121133
11123332222
11233232313
12312121122
12322311232
12233312313
11112323123
12312121212
11223133211
12221212333
12312121313
12311311232
12223212221
11213313111
12312123311
12312123322
12132113123
12312123232
12121132331
12331123211
12312123113
12312122211
12122211321
12312122233
11233113221
12312122222
12133221311
12223212212
11112133223
11122122231
12312122332
12231122233
12312122112
12211311222
12313221223
12312131123
12312131132
12133123211
12312131312
12312132333
12332211311
12321321311
12312132223
11232222221
12312133233
12113112323
12213113231
12333121112
12312133121
12311111212
12222131332
12131131131
12312133112
12211212213
12131211222
12312113132
12123233111
12312113312
11231312132
12333233332
12312112133
12312112122
12313333221
12312112212
12313233213
12111221322
12312112313
12312111211
12312111233
12232123213
12312111222
12322121121
12312111121
12121121322
12313211123
12321112221
11223122222
11112123233
11121133311
12313211132
11223222122
12313211312
12313211231
12331211321
12313212311
12123121221
12313212223
12313212232
12313212131
12313212113
12331123112
12313213211
11223222221
12323323232
12323111213
12222221312
12313213233
12313213323
11211122113
12331231211
12313213332
12321333123
12313233321
12131312213
12211321111
12313233312
12111131313
12313232111
12333331133
12313232133
12313232122
12313231222
12112311222
11212212321
12313231112
12313222312
12333313221
12331322221
11213113131
11122233113
12313222231
11211311331
12313222213
12313223133
12313223122
12332333121
12212131313
12313223212
12131232322
12313223331
12313221311
12313221333
12323311222
12313221322
12132323331
12313221131
12212323231
12211111123
12313221113
11222221113
12313311111
12131321231
12312233133
12333222211
12313311122
12313311331
12313313333
12221112321
12211232211
12123111211
12323311211
12313313113
12313312233
12322313221
12313312332
12313312121
12313312112
12131123132
12313323132
12113121112
12223131131
11233312332
12313323321
12322213213
12313111232
12113312213
12313323213
12112113233
12211212321
12313322331
12121333112
11112213323
12313322313
11222213222
12313321211
12131331111
12333322131
12312332221
11213231312
11212133231
12321312232
12313321233
12123122233
12321113321
12333123213
12313321323
12313332123
12213332133
11233121123
12213211331
11231223322
12313332321
11221221312
12322113223
11233131313
12313332312
12313332231
12313333111
12313333133
12313333122
12133232212
12323323333
11121311221
12321221233
12112332311
12311123231
12313333212
12332213212
12333332233
12332232222
12331321233
11222212311
12313333331
12233223233
12332221123
12313331322
12313331223
11222311133
12211221321
12313331232
12313133223
12131331313
12122331232
12322131322
12122131122
12211213111
12313331131
11123123132
12313131122
12111231222
12113113113
12231313211
12313131212
12333113131
12331231121
12223221331
12333113333
12313131313
12233211333
12213123232
12313133232
12313133131
12123123232
12313132222
12233222232
12313132323
12313132332
12313132121
11233322313
12211313213
12313121132
11213233332
12323313312
12313121321
12313121312
12221233132
11233231121
12313121213
12313122333
12313122322
11232321232
12313122232
12121213313
12233323113
11231133133
11122332131
11232113231
12313122131
12333213321
12113323112
11223331222
12313123222
12313123332
12323312221
12321131231
12313123112
12313112132
12313112312
12313112213
12332313321
12211121131
12313113133
12332132313
12322132123
12313113122
12333212111
12313113221
12313113212
11233212333
12313113331
11233323231
12313111322
12233232323
12323222333
12211113112
12312311132
12313111223
12313111131
12333111111
12333111122
12331333221
12333111221
11121312332
11222323321
12333111313
12333113322
12333311131
12333113223
12333113113
12333112211
12333112233
12333333131
12333112112
12333123123
12333123321
12333123312
11213111111
12333321231
12223111313
12132312333
12333122133
12322311223
12132313332
12123313332
11112122232
12333122122
11231232113
12333122221
12133111322
12333122313
12223313221
11122331231
12333121233
12233132122
12313133322
11112212333
12333121332
11122133123
12321311312
12132231131
12333121121
12333132132
12121311332
12333132321
12313322212
12211221123
11232332122
12313131133
12333132312
12312232312
12321213322
12313132233
12333133221
12231112221
12333133212
12333131333
12333131131
12221133333
12333331111
11222122333
12213133332
12131111111
12333331122
12123223123
12333331331
12221232212
12333333311
12333333333
11112213121
12333333322
11211112132
12323122321
12111222321
11213322333
12333333223
11112321233
12333332121
12333321123
12333321132
12322111331
11223311123
12333321321
12131322333
12333321312
12223222121
12211322233
12333321213
12113132312
12333322311
11232311312
12333322223
11233122322
12333221122
12323321313
12333322113
11121313311
12333323211
12321113312
12333323222
12323123133
12333312123
11123213321
11222313113
12213112221
12333312321
12333312312
12333223223
12333312231
12221333133
12313311212
12333312213
12322322311
11213131232
12333211121
12321311321
12213122112
12113312132
12123321232
11231122122
12213211111
12333313133
12333313212
12333313313
12333311311
12333311322
12323332131
11123111331
11222232122
12213231113
12333311113
12112223323
12333221111
12113232223
12333221212
11231331133
12333221331
12333223333
12333223232
12331211123
12222231122
12333223131
12212112213
12333211222
11221132133
12333223113
11112211123
12333222323
12323323311
12333222332
11221121113
12333222121
12333231123
12333231321
12313131221
12223331111
12233213221
12333231312
12322113113
12333231213
12333232232
12333232131
12333232113
12333233211
12323122312
12333233233
12312321223
12333233222
12112321313
11112112213
12322323222
12333233323
11212231221
12323231313
12323332311
12331111232
12212112123
12333213123
12212332312
12333213312
12312121331
12331333133
11232233122
12333213231
12333212122
12213232213
12112112311
12333212212
12121111321
12321233122
12213121122
11122122312
12333212331
12333212313
12312213333
12333211233
12332112311
11223232321
12332112333
12221322212
12332112322
12332312122
11233131331
12222132221
12332112232
12323212213
12332112113
12133212311
11223222111
12332113233
12212233312
12332113222
12332113323
12332113121
12332133321
11122233223
12332133312
12332133231
12332132331
12213332122
12131311232
11121213233
12332131233
12212322122
12313331311
12332131332
12131113311
12332131121
11122332333
12332122132
12111213112
12332122123
12332132212
12332122321
11112233213
12331122232
11231123132
12332122312
12112121333
12332122213
12332123122
12211113323
12332123212
12332123331
12332121333
12332121223
12332121232
12223111331
12332231111
12332231122
12132121122
12332231212
12132123311
11122332223
12332231331
12231211122
12312132232
12332231313
12332233311
11233231323
12332233333
11213212122
12332233322
12132121221
12332233223
12323331321
12332233232
12332233113
12332232211
12332232233
11232132333
11232121122
12332232121
12321311213
12332221132
12232321213
12221113331
12332221321
12332221312
12332221231
11112221223
12332222311
12111212333
11122311222
11211323123
12332222223
12332223233
12332223222
12331121321
12332223112
12332212321
12332212312
12332212231
12332212213
12332213111
12212231332
12332111312
12332213133
12332213122
11231213231
12211311332
11212323113
11223111233
12332213313
12112221231
11121323123
12332211322
12332211232
12332211131
12332321212
12332321331
12332323322
12332323223
11123221313
12332323131
12131121323
12311223232
12332323113
11233231211
11212132133
12323133132
11221133312
11211313131
12332322211
12322233323
12332322323
12332322332
12333122331
12321132223
12123313112
12231112133
12332331123
12222222223
12123333312
12332331132
12332331321
12113221221
12332332333
12332332322
12122222132
12332332232
12312212211
12213112133
12332332131
12122312211
11123112233
12332332113
12332333211
12332333233
11112213332
12332333323
12321231223
12112211322
12213222313
12221131111
11213123231
12321331211
12332313312
12332313231
12111232122
12122213121
12322311333
12113232131
12333212133
11222222312
11231133111
12332313213
12332312331
12332312313
12332311211
12223332332
12332311233
12211213122
12213133323
12123122112
11121233132
12332311323
12332311332
12111332123
12332311112
12231213113
12331211132
12331211231
11121332123
12331211213
11212233113
12331212311
11213131311
11122312133
12222211113
12213333123
12331212333
12331212322
12331213233
11221111231
12212221131
12111231332
12133322221
12331213222
12111132211
12331222312
12111113133
12112212321
12331213112
12231133211
12331233123
12111323312
12321213131
12313231323
12331233321
12232133122
12331233231
12323311112
12331232111
12331232133
12331232221
12312312223
12223133212
12331232313
12321232312
12232311232
12331231323
12133331223
12231211221
12331222132
12331222321
12132132333
12331222213
12331223111
12331223122
12213112212
11121322313
11221111321
12331223212
11223133233
12331221311
12123213322
12232123132
12212222231
12331221232
11232122112
12331221113
12322133313
12331311111
11232231322
12332223121
12331311122
12112131112
12331311221
12331332321
11122232121
12331311212
12331313311
12321123311
12222323223
12331313333
12122212322
12321322213
12223321231
12212333221
12331313322
12331313223
12221213332
12331313232
11122111213
12331313113
11122322332
12321211122
12331312211
12233213111
12331312222
11223332111
12321331332
12331232122
12223233211
12331312121
12331323123
12132123232
12212222312
12211231331
12211323311
11233123121
12223323211
11231222233
12331323312
12211321313
12331322133
12112322222
12213313121
12331322122
12212231211
12331322313
12311222233
12331321323
12331332312
11112111322
12213131312
12331333111
12331333122
12331333331
12331331333
12221233123
12132331211
12331331223
12313123121
12322322113
12331331232
11233213211
12331331131
12331131111
11223313233
11112312332
12331131133
11121213121
12331131122
12331133223
12132213223
12333122111
12331133131
12131112121
12331133113
12331132211
12112323232
12331132222
12322121323
12331132112
12331121132
12232322311
11223121313
12331123233
12331121231
11212113222
12331121213
12331113313
12331122333
12331122322
12213311231
12333233112
11122132212
12331122223
12331123222
12331123121
11211112213
12321333312
12232311333
12312131213
12331112132
12331113133
12331113221
12331111333
12331312112
12331111322
12111122322
12112313213
12331111223
12111121132
12331111131
12331111113
12322111111
12322111133
12322111221
12322111313
12322113311
12321333231
12322113322
12322233233
12322112222
12322123132
12322123321
12213121331
12322123213
12322122133
11123311223
12322133331
12322122122
11212231122
12322122221
12212111223
12113231132
12322121233
12323333323
12322121222
12122223133
12213123311
11122213331
12322121112
12322132213
12223313331
12322133221
12222213221
11232232231
12322131311
12113233233
12322131333
12322131232
12333112323
12321323331
12113323222
12322131131
12321211221
11213311232
12211231133
12322331221
12121311222
12213323133
12322333311
12221122311
12322333333
12322333322
12322333232
12222112322
12233122321
12322333113
12322332222
12111123332
12212311133
12313312211
12322332323
12322332112
12322321132
12322321312
11212112311
12322321213
12132333123
12322322333
12322333223
12322322232
12113322232
12322322131
12322323211
12322323233
11233223133
12322323323
12322312123
12322312321
11211233312
12322312312
12232323332
12322312213
12322313111
11223311213
12322313133
12132221211
12213113321
12133121123
12223113333
12322313122
12322313331
12123221222
12322313313
12221332213
12332222333
12322311311
12322311131
12113232322
12322322322
12223311311
11233333133
12322221111
12223121323
12322221122
12223232333
12322221212
11222331322
12322223311
12232332222
11213223311
12321232213
12322223333
12322223322
11213333232
12211213133
12322222233
12233313312
12323322323
12131111221
12322222222
12322222323
11222222132
12322222112
12322231321
12322231312
12322232311
12232212212
12322232223
12322232131
12211233322
12322233222
12213233221
12322233332
12322233121
12131311311
12321311231
12322233112
12111322133
12213331323
12322213132
11221132122
12222231221
12322213312
12322212111
11121312222
12211223211
11222131133
12322212212
12322212331
12331231233
12322211222
12113231321
11112312121
12311213123
12322211323
11211233213
11231233211
12322211121
12311321213
12321131123
12323111132
12121312313
12323111312
11212213122
12321213113
12323111231
12222321313
12323112311
12121232211
12211231313
11123112211
12213233313
12323112322
12112213111
12133111333
12323112223
12331232212
12212333331
12323112113
12323113233
12323113222
12323113323
12323133123
12222321212
12133112231
12323133321
12211331123
12323133312
11233221113
12323133231
12113221212
12212122131
12323132111
12123132113
11222213211
12323132212
12131113113
11213113311
12323132313
12232131223
12312212222
12323131211
12223111122
12121222113
12222312212
12323131233
12323131222
12121222311
12213221233
11112133131
12323131323
12133312233
11121323132
11233233123
12323131332
12113211323
12113321231
12321223213
12323122231
12323123111
12321132333
12122111223
12313313131
12323123212
12221122113
11231222222
12323121333
11123322131
12323121113
12323231133
12323231122
12323231212
12323233322
12323233223
11213222332
12323233232
12211131222
12323233131
12233121333
11223332331
12213111332
12323233113
12323232211
11233222213
12323232112
12323221132
12211132331
12132212323
12331233213
12323221231
12222123212
12233231111
12232222121
11123211332
12323222311
12323222322
12111332321
12323222223
12323313231
12331132121
12323223211
12313231121
12323223332
11213211222
12323223121
12213223123
12323212123
12323212321
12323212231
12233213313
12323213133
11223133121
12323213122
11222323132
12323213331
12323213313
11212131332
12323211322
12121311112
12311122212
12323211223
12121131112
12221223313
12323211232
12111121231
12323131112
12323211131
11123322232
12323321111
12121331312
12311112222
12312331211
12323321133
12211221312
12123111233
12323321122
12323321221
12323323223
12323323131
12323323113
12323322233
12333132213
12323322222
12323322112
12312111323
12223333322
11213323211
11223223213
12323331312
12323331213
12323332322
12222232233
12323332223
12323332232
11112232212
12323332113
11112232313
12323333211
12323333233
12323333222
12231112122
11221223222
12323333332
12323333121
12323313123
12212123233
12323313321
11231322311
12323313213
12323312212
12323312331
12321311132
12323331132
12321312333
12321312223
12123313222
12321313211
11122223323
12321313233
12332312111
12323331123
12321313332
12112333121
12122111131
12321313112
12223113131
12321333321
11213211211
12312133222
12212331322
12321332122
12321332313
11112113331
12321331222
11223223312
12222132111
12113313111
11211213211
11212123331
12221211231
12321331323
12213131123
12321331121
12233312212
12321331112
11222331223
12321323133
11222113133
12321323212
12333123231
12321323221
12221233231
12232133133
12222112131
12321321333
12211231122
12212212223
12233311233
11212323232
12332222232
12212332123
12131221133
12223312321
12122333122
12321321322
12321321131
12321321113
12232112222
11121333111
12331213121
12321211111
12321211331
12331221131
12212213332
11221111132
12321213333
12321213223
12321213232
11211133232
12321212222
12121331231
12321212112
11222132112
12321223132
12221212131
12321223321
12222122231
12233223222
11221321111
12321222221
12322331111
12321222313
12321221211
12321221222
12122311331
12212321211
12321221121
12321232123
12321232132
12321232321
11231223113
12321232231
12321233111
11223323111
12321233133
11112321121
12321233221
12321233212
12212232122
12132311312
12321231232
12232233323
11232132223
12321231131
12321231113
12322233211
12212323312
12321121122
12321233313
12213111211
11223312311
12321123333
12321123322
11121233231
12213123131
12122131111
11121313232
12321123232
12321122211
12321122233
12313323312
12321122222
12321122332
12322321231
12321122112
12232132123
11222132323
12321131132
12233132313
12321131321
12121233131
12321131213
12321132311
12321132322
12231111233
12321133233
12222111312
12321133222
12321133332
12213221323
12222213212
12321133121
11223122323
12321133112
12213311132
12311223311
12321113132
11233312211
12321112122
11121122232
12321112212
12312323122
12321112331
12133323312
12321111222
11222121132
12321111323
12231332212
12223332121
12321111121
12321111112
12211111132
12211111312
12211113211
12211113233
12211113222
12211113332
12211123122
12211133123
12111331131
12211133132
12211133321
12211133312
12211133213
12211132111
12211132122
12211132212
12131333232
12223232322
12331112123
12211132313
12211131211
11223321311
12211122123
12121321111
12211122312
12211122231
12332313123
12211122213
12132122211
12211123221
12211123212
12211121311
12221221322
12122321211
12233132212
12211121113
12212233231
12133112321
12223212111
12132122112
12321132232
11121332312
12211231111
12322322223
12323231111
12211232233
12111113221
12211232222
12211232332
12333112222
12211222223
12211222131
12112232222
11212223112
12211223233
12321332331
12223313313
12123111332
12323232121
12211223323
12211223332
12132331112
11233213222
12213221332
12333133122
12211223121
12212213112
12211223112
12311231123
12212222123
12222133132
12222223112
12211212123
11122223233
12211212231
12321223231
12333112332
12221311221
12211213212
11231122111
12211213331
12132311132
12123131213
11123331133
12211211311
12312312113
12321121331
12211211333
12211211223
12211211131
12211211113
12213213311
12223312132
12113111122
12211321122
12211321221
11213233233
12211323333
12211323322
12132212121
11232221323
12211323223
11213132213
12211323232
11121223111
12212232133
11223313222
12211323113
12211322211
12211322332
12211331321
12211231212
12211331231
12113122212
11232332111
12211331213
12211332333
12113323121
12323123122
12211332322
11222233213
12211332232
12211332131
12211121333
12211332113
11232312322
12211333233
12332123133
12222222113
11212131233
11111213221
12211333323
12211333332
12223132213
12211313123
12311332323
12223112332
12211313321
12211312133
12122333212
12213323122
12211311211
12211311233
12123131231
12211311323
12211311121
12221121123
12213311321
12131112211
12311321132
11233212113
11123113232
12213311312
12213312333
12213312223
12213312232
12213312131
11221133213
12213233122
12312312322
12213313323
12213313332
11121121321
12213333213
11231121211
12213332111
12111313333
12213332221
12111223313
12233123133
12213332212
12133231112
12213332313
12133123121
12132211212
12213331233
12213322132
12213332331
12213322321
12233311112
12213322312
12213322231
12213322213
12213321333
12133311313
12213321322
12132223213
12213321232
12213321131
12232212313
12313321332
12312332133
12213211122
12213213131
12223332323
12213212211
12112332223
12213212222
12213212323
12213212332
12213223312
12213223231
12213222212
12213232123
11222212223
12213232312
11211123332
12213232231
12213233111
12213233133
12213231311
12213231333
12121231331
12213231322
12211322112
12213231223
12221131313
11231113232
12213231131
11121233312
12213121111
12222322121
11233111322
12213121133
12222312122
12213121221
12231323313
12313331333
12213121212
12213123322
12213122211
12332121322
12212221333
12121112311
11222331333
12213122323
12133311331
12331323321
12213122332
12213131231
11232213311
11112111232
12311121323
12223221221
12213132322
12213132232
12213132113
12213133222
12213113132
12221123233
12213113312
12213113213
12112132212
12221222123
11233312233
12213112122
11221313231
12213111233
12111221223
12221231332
12213111222
12332333332
12213111121
11221333121
12212222132
12213132311
12213111112
11212322233
12211123111
12212211132
12133212232
12321132131
12212211321
12331213332
12322313212
12212211312
12212211231
11213313221
12212211213
12222311112
12212212311
12221323312
12212212333
12212212131
12212213211
12322113232
12212213222
12333313111
12212213323
12121232323
11223112122
12212213121
11231221331
12212233132
11233112213
12212232111
12222232121
12113331122
12212232221
12212232212
12213221121
12212231222
12111232133
11231211112
12223123231
12212231323
12212231121
12212222321
11123213231
12212222213
12221313232
12322112211
12212223133
12213331211
12212223122
12212223221
11121121231
12212223331
12222113332
12332132111
12223131333
12222211322
12212221311
12212221322
12212221223
12323311121
12311222121
12212221113
12212311122
12212311221
12213331121
12212311212
12212311331
12222331123
11112311221
12212311313
12132332133
12321131312
12212313311
12111133311
12212313333
12112133132
12232123123
12332123111
12323312122
12212313322
12221131331
12212313223
12311233211
12212313113
11223123223
12212312211
12112322211
12211122321
12212312222
12233311332
12331231222
12212312332
12212312121
12212312112
12221212232
11122231133
12212323132
12212322111
12212322133
11223121122
12221221131
12212322331
12212321332
12212321121
12212321112
11112213112
12212332132
12111333111
11231311333
12221232133
12122121231
12212332321
12332312133
12212332231
12321213311
12223112233
12212333111
12212333212
11211132233
12212331223
12212331232
12212331113
11112121123
12212131111
12232132213
12212131122
12132133222
11221132331
12212131221
11121111223
12222122123
12231121133
12322211211
12212133333
12212133223
12121323113
12121212213
12212133131
11233312112
12212132233
12222113323
12323312133
12212132222
12212132121
11211133311
12212132112
12212121123
12213323331
12212121132
12212122232
12212122113
12212123211
12312322213
11211131122
12212123332
12212112132
12112233311
12212112321
12223223223
12212112312
12212113133
12311121222
12212113221
11231213132
12212113212
12212111333
12212111322
12222321331
12223111221
12223111212
12223113311
12233321331
11121222231
11221123212
12222323131
11122132221
12222332223
12213131213
12223113232
12323221213
12223112211
12223112222
11112112132
12223112121
11123133111
12223123132
12332321111
12223211233
12323123221
12313321121
12221311133
12233322323
12331112312
12223123213
12233132331
12223122111
12111123222
12223122122
12212322221
12223122331
11112212131
12223121211
12223121233
12223121332
12223121121
12223121112
12223132123
12112311121
12123233313
12223132132
12223132321
12211111231
12223133111
11213122331
12223133221
12122331113
11222212232
12223133331
12111313322
12223131311
12322213321
12223131113
12223331133
12223331122
12223331221
12223331331
12211123331
12223333232
12231231333
12223333131
12223332211
12223332233
12332313132
12223332112
11233221333
12223321123
12211132221
12223321132
12223321321
12313222132
12322311113
12223322333
12223322223
12311113333
12222121131
12223322131
12223323222
11223322213
12223312123
12223232311
12223313212
11212123111
11211323312
12223311322
12223311131
11231332222
11232122323
12223311113
12231133222
12223221111
12223221212
12112132221
12113222211
12223223311
12223223333
12223222211
12223222233
12223222222
12223231132
11112112123
12223231321
12221332231
12212122311
12223231213
12223232223
12233111321
12223232232
11112123211
11222231233
12322231132
12223232113
12223233233
12223233222
12223233323
12223333223
12223233332
12222223211
12312313211
11112131221
12223233121
12231322312
12223213321
12123232213
12233131222
12223213312
12212233321
12223213231
11233311313
12321333132
12223212133
12121323131
12223212122
12113333223
12223212313
12223211222
12113111133
12131111212
12223211323
12233133321
12223211332
12222111123
12211221132
12322323332
12222111321
12111112321
12222111231
12223311223
12222111213
12131212111
12123311321
12222112232
12322323121
12321323313
12222112113
12222113233
12222113112
12222133123
12222133213
12222132133
12222132331
11233311133
12222131211
12222131323
12222122132
12222123133
12231322321
11222111333
12222123122
12322212221
12222123313
12121122123
12313211321
12222121311
12222121333
12222121232
12222231133
11121313113
12222231331
12222231313
12221331232
11233331113
12222233223
12222233232
11123321123
12222233131
12121212132
12222233113
12212312323
12222232323
12222232332
12222221123
12222221132
11232223132
12222221213
11213112233
12312322132
12222222311
12213211221
12321332111
12222222322
12112122213
12323312313
12222222232
12222222131
12222223222
12212212322
12222223323
12222223121
12222212312
12222212213
12222213133
12312123131
12222213331
12222213313
12122321233
12222321122
12311212221
12222321221
11211323213
12222323232
12121121113
12222323113
11123131113
12222322211
12132113231
12222322233
11222331311
12222322332
12122133232
11213223333
12222322112
12231112313
12333132231
12222331312
12222332311
12222332333
12312331222
12322211112
12222332113
11123333333
12331323132
12222333233
12131333131
12222333121
12112131233
12222333112
12222313132
12322121332
12222313321
12222313312
12121313213
12222312111
12311313221
12222312221
12222311211
11212131112
12222311233
11212223233
12222232222
12222311323
12222311332
12123312232
11233321211
12222311121
11213123321
12221211123
12221211132
12221211321
12221211213
12113122111
12221212223
12221212113
12221213323
12221213121
12221233321
12221232122
12122311212
12221232221
12221231211
12212113313
12221222132
12223313133
12221222231
12221112213
12221223133
12322132321
12221223331
12221221113
12332231221
12221311111
12323112131
12221311331
11112212232
11222333111
12221313322
12313111333
12221313113
