91
1211113
1211232
1211223
1211322
1211311
1213331
1213212
1213221
1213122
1213111
1211333
1213133
1212231
1212312
1212123
1223112
1223121
1223332
1223222
1222113
1222131
1222232
1222223
1121131
1123212
1223233
1121333
1123221
1232233
1222322
1122312
1123122
1231313
1123111
1122213
1121223
1123313
1212132
1232112
1213313
1121232
1112311
1111213
1211131
1112333
1212321
1223211
1111123
1112322
1231212
1122123
1123133
1212213
1233322
1121311
1111231
1123331
1112223
1122132
1122321
1112232
1122231
1112113
1112131
1121113
1222333
1233311
1121322
1231111
1233232
1231133
1231221
1221321
1231331
1232222
1233131
1231122
1233113
1232211
1223323
1232323
1232332
1221231
1232121
1221123
1221132
1233333
1221312
1233223
1221213
1222311
