820
121111232
121111322
121111333
121111311
121111223
121113133
121123121
121123332
121123323
121123222
121123233
121122232
121122333
121112231
121121231
121121312
121132121
121132323
121132222
121132233
121123112
121133113
121133131
121133333
121131212
121123211
121131221
121131122
121131133
121131111
121121213
121331131
121331232
121331333
121331311
121333212
121333221
121333133
121332132
121332123
121321121
121321323
121321211
121322221
121322122
121322111
121323213
121323312
121323321
121323132
121323123
121312222
121313232
121313322
121313333
121313311
121311331
121311212
121311221
121311122
121221113
121221232
121223313
121223221
121223122
121222213
121222231
121222312
121222321
121222123
121231112
121231121
121112312
121231332
121231233
121322331
121313223
121231211
121232313
121232212
121232122
121233213
121233231
121323231
121233123
121213233
121213211
121312121
121213112
121212113
121313131
121212322
121212333
121212311
121211231
121211312
121211321
121211132
121211123
121133322
122311112
122311121
122311332
122312313
122312212
122312122
121312233
121223111
122312133
122312111
121321222
122313213
122313312
122313321
122313123
122333332
121321332
122333323
122333211
122332113
122333222
122332131
122332223
122332322
121221223
122331213
121211213
122331231
122331312
122331132
122322112
122322121
121122311
122322332
122322222
122322211
122323223
121221333
122323322
122321313
122321221
122321133
122211113
122211131
121133232
122211232
122211322
122211311
122213212
122212213
121213222
122212312
122212132
122223112
122223121
122223332
121321112
122223323
122223222
121332213
121312323
122223233
122223211
121223133
122222232
122222223
122222322
122222311
121333313
122221213
121311313
122221231
111223233
123223223
111232112
121133311
122211333
112123112
121112213
121231323
112123233
121233321
112122223
112123211
111111123
122313132
123312321
123211323
111232323
112133223
112132112
123122313
112133232
121113221
123221221
112133333
112232313
121212131
122333121
112132323
122113233
112132233
123323233
112132211
111112322
122323113
112133322
112131212
112122232
112131313
121333122
112131133
122111312
112123332
112321323
122323333
112321332
111231133
122321111
112322212
123133331
112322313
112322331
112322122
112233123
111232332
112323321
112112123
112313333
121312332
112323132
112331113
112122131
112331131
121113331
122132212
122121322
112131331
112123222
112331223
123211222
112333221
122233131
112333313
112323213
112321233
112111333
112332321
123132132
122331321
112332132
123121121
112313113
112121231
121221311
121213332
123133111
112313223
112312332
121213121
112312233
123131131
112311212
121132332
123131113
123332323
112311331
112311122
112311221
123132231
112311111
112231211
112231121
122113323
112231323
121112321
111123313
111122312
123331212
112231222
112121123
111213313
123112233
122322233
112232331
112331311
121321233
112112132
112131111
111222131
112113212
112232221
112233213
112112213
112233132
112221113
112332213
121233132
111222333
111231313
123122331
112211123
112221223
111233322
112132332
111221132
111221231
112213121
112132222
122323131
123132213
121311133
111221321
122123331
121332312
111221123
111232121
123123132
112231233
112232122
122211223
111112333
121112123
123231321
121331322
122331123
111232211
112313131
121213323
111223323
112122311
123312132
112321211
123311223
112322111
111122132
112233231
112232111
111112131
123231231
112332312
123211233
121132211
122222333
111233333
111122123
112121132
112221232
122122312
111213331
111211232
112312121
122112113
112213233
112122113
121333331
112131122
111231212
123222222
111231122
111221312
112313232
112223212
122212231
112333122
111121113
111121131
123321132
111221213
111123122
112333133
112211312
121313113
123322311
112121321
111223222
111121311
123121323
111122213
112322221
111112311
122221123
111112232
112221311
121131313
121322313
112212131
112112321
111233232
123222233
111231221
111121333
111112113
112123323
121223212
122212321
111233131
123132321
112122333
112333111
111233311
122311233
111123212
111231111
111212213
112132121
122321122
122133123
111112223
123211332
111232233
111111231
122111231
111121322
112121312
112233321
112121213
112312323
111233113
111212231
123322232
121331223
112211213
122311211
122323232
122232222
121232111
112223221
111123133
111212123
121223331
122213313
111111213
123131333
112133131
111222232
111121232
111123331
112313322
123131311
123122212
111211333
112231112
112131221
123221133
112221333
112122322
112111232
111222322
112313311
123213321
111232222
121113313
121222132
111222113
112333331
123113232
112213222
111223211
121111131
112233312
123311311
122113121
112223111
112332231
111223121
111211223
122311222
112222321
111212132
123332222
111213133
112222213
111213122
123233211
112222123
112231332
122123313
112223122
112321112
111123221
112222231
111213221
111213212
121231222
111211311
111212312
123323112
111211322
112312211
112223313
123222332
112321222
111211131
112212232
122322323
112321121
111122231
123222323
112222132
123312123
112111113
112211231
122212123
112211321
121121132
123231213
112213211
112213323
123222112
122132122
121121321
112133311
112212311
112323231
123112121
122213221
112331232
112212322
112123121
123222211
112331322
121221131
112113122
111213111
112223331
111233223
122111132
122232323
112212223
121111113
112232133
123321231
123221122
112311313
121322133
112221322
122113222
112113133
122213122
112113331
112113313
123311322
123123321
112113221
123232322
122221132
122313231
112111311
112221131
112111322
112312112
112111131
121332321
122233333
122232121
112232212
111223332
123111111
121332231
123111133
123111122
123313331
121122322
123111221
123232113
123111212
123111331
123212111
123111313
123233222
121131331
123113311
123113322
121112132
123113223
121212232
123113131
112112231
123113113
123112211
123123213
123112222
112323312
123112323
123112332
123112112
123123123
122333233
112222312
123123312
123122133
122122213
122132313
123122122
123122111
123332112
112333212
123122221
123121211
123211211
123121233
123121222
121132112
122131323
123121332
121121123
122133213
123132312
123133133
112212113
123133212
123321312
121312112
123133122
122332333
122213133
123133221
123133313
121232221
123131322
123131223
122131233
123131232
123331111
123212133
111223112
112223133
123331133
122321331
123331313
122132133
123232311
112133113
123331221
123323332
123333311
123333333
123333322
123333223
122232332
123333232
112311133
123333131
121333111
123331331
123333113
123332211
123332121
112323123
123321321
123321213
123322333
112332123
123322322
122213331
122213111
123322223
111122321
123322131
121331113
123322113
111211113
123323211
123113333
123323222
123211112
121122131
123323323
123323121
121212223
122233232
122231133
111212321
123312312
123313111
123312231
123312213
122222131
122112322
122131112
121232133
123313133
123313122
123313221
123313212
123331122
123313313
123311333
123311232
122111123
112113111
123311113
112322133
112213332
122123212
123221111
122132111
112112312
123221212
121232331
123221331
122311323
122131121
123221313
123223311
121233312
123223333
123223322
121312211
112212333
123223232
122332232
123121112
123223131
123223113
123231123
111222223
123231132
123231312
123232333
123232223
123222121
123232232
112312222
123232131
121133223
123233233
123233332
123233121
122332311
123233112
123213123
122123133
123213312
123321123
123213231
123213213
123212221
121113122
121221322
111231331
122121333
123213132
123212212
121311111
123212331
121122113
123212313
123332233
123211121
122131211
122111321
112213112
122111213
122231221
111222311
123132123
122112311
121113111
122112333
112111223
122112223
112211132
122221312
122112232
122112131
121113212
122312221
122323311
122113211
122113332
122113112
122133132
122222113
122133321
122133312
122232211
123311131
122133231
123332332
122132221
122132331
123233323
122233223
122131222
123123231
122131332
122122123
122312331
111123111
122122132
122122321
121122223
122122231
122123111
122123122
122123221
122121311
122121223
122121232
122333112
122121131
111121223
122121113
122231111
122231122
112331333
122231212
122231331
122321212
122231313
122233311
122233322
121322212
122233113
122232233
123212122
122232112
122221321
